0,1,2,3,4,5,6,7,8,9
5.442347062035366e-13,2.9089618259663954e-33,5.675461409392989e-07,0.9997569169709176,0.0002323630198749554,3.859575106765037e-24,8.993561356751713e-34,1.0143840952366794e-48,1.187129623645451e-19,1.0152462522255214e-05
0.006498882850949641,0.3439397388732831,0.0006245694653303623,6.2880755311538456e-12,1.131403107585963e-09,0.03195216890577766,0.5310435828479022,8.992541397502871e-23,0.08594105591906581,3.639720951801935e-21
4.739263905545131e-11,0.4757980689748988,0.09207163843152087,0.18250062317551302,0.06329811398694313,0.08902817742167514,0.00016382475316028088,6.925655474295054e-57,0.07949262779306644,0.01764692541582946
0.000276174130310079,8.673540542592095e-21,0.43273396394621816,0.011659758781683594,0.28259288260797577,4.376541513252264e-23,1.3661120964360691e-11,1.0991577063240133e-71,0.2727372205201515,1.9509749254077955e-26
2.953031097651149e-20,0.019060920263922063,8.266728105229318e-15,0.9750132298091635,3.7545091965970755e-08,2.408148555913448e-21,0.0059257898118169824,9.41168359489575e-60,1.8193227008170895e-32,2.2569997207137578e-08
0.14398210987346421,1.2251972149460419e-15,0.6874115132699172,0.01566082866172195,0.06639651886868475,7.101887828031892e-14,3.1722234578610822e-12,2.7958430479308406e-40,0.08270918897100905,0.003839840351958505
2.2925310093144675e-20,3.947345049640319e-31,4.0144853090843894e-14,1.0214327969808863e-13,0.9976128066793966,9.260759506941547e-08,1.3395710202023184e-27,1.842021773287954e-55,0.0023871007128660592,2.9985344649196093e-37
0.07648204236524242,0.2955855517991776,5.6285732560704254e-11,9.642117404223328e-22,0.004688879135297256,0.27040129485670344,0.3528422317698505,1.7442967912062336e-11,6.641825200117179e-28,3.543346595767358e-28
0.03832825643892241,4.534205043285703e-18,0.05676059253141107,0.8519323523595231,0.006371740017191497,1.4509837172442901e-29,2.0497868348762365e-18,6.40245491147564e-66,1.0069254269104595e-05,0.04659698939868292
1.184875033782836e-19,0.0612337832644617,2.5173774114918044e-18,5.079228141613633e-21,2.465364172529077e-23,0.01485675520062307,0.6832586857320431,0.24065075651418888,5.136613271372342e-19,1.9288683216576514e-08
0.025979066771999997,0.001673713536616429,0.9226008421217452,0.014396045310391306,0.015747890479682707,4.735275925463412e-07,0.019117173248755562,0.000484769819823367,2.5182556423409968e-08,8.364379579988687e-13
1.1205098571202996e-18,8.511310349239384e-32,0.1890644036904962,1.5207144433251306e-14,0.810924035054413,6.894925464618497e-20,1.01173339400003e-15,2.3968797337661282e-61,1.156125507438177e-05,2.9501741242788035e-16
0.007223714141845107,0.0005163905708326416,0.9814079972454818,0.0062106304966381655,0.0014526516398860898,0.0001201166884539412,0.001604286318802946,5.594536486452212e-51,6.913457073102969e-11,0.0014642128289248278
0.08130905214386566,0.1383794116969182,1.2226579371543152e-05,0.0031691177592204326,7.662138031783048e-16,0.004580268859586444,0.7159984214101602,1.1560861753318567e-30,0.053153136604395045,0.003398364946481694
6.595216069464921e-15,8.673086862480497e-34,0.005808162729758709,0.9135259608688693,0.06405185214045467,2.4059146895092527e-34,6.350316120120687e-22,1.0334296504936168e-63,0.00015496058175089577,0.016459063679159756
3.683932407745987e-05,0.09479821336940181,0.10666069652151777,0.012213455770472226,0.10814522222808115,0.000620305003958298,0.4379540425738637,4.2136702892787054e-38,0.22452523470252359,0.01504599050610394
1.049946525924034e-12,2.3378662622642835e-20,0.39682267185053083,0.3492246531708949,0.03665679113942637,1.095428000135159e-08,9.035189032257274e-08,2.6360940976699986e-64,0.21723113566127147,6.464687065606695e-05
0.0011473987104939764,0.0560483617703934,0.10780486250818694,0.11143502535762001,0.007075457357893961,0.012658494385400405,0.0640193290478699,2.8731965600610587e-15,0.6379569420721587,0.0018541287899798316
1.161219299589086e-20,2.154928284195054e-35,0.7175937599723942,0.17512502907830227,0.0934858517454562,2.558940884634213e-11,0.008668563605721167,7.237847008641518e-67,0.002381384334355436,0.00274541123818118
4.155497184082016e-06,0.03651551964119669,0.23666157961495252,0.0422204079991271,0.008786983809364953,0.02124060214243434,0.048469976905801036,4.107505606790929e-37,0.6061007741013834,2.88555874387329e-10
0.013811740654846544,6.07404166438946e-17,0.6029976055292343,0.08311547412126877,0.015241198090990973,2.218098615201614e-21,1.8777745342846805e-10,3.346004433268959e-05,0.28466345686463157,0.00013706450691769635
8.002423666507303e-06,2.621166095611391e-30,0.9107892001520449,0.008302023678871824,0.0106367175397865,1.1597889545266342e-25,7.599235949252219e-12,3.5801274953249555e-63,0.07026405619803094,2.3421188976262228e-29
0.008013838102170892,0.9894893991255723,4.0821089412714354e-27,6.341187194757753e-05,3.407865618112001e-16,6.596667471861279e-23,6.069556144082231e-18,1.960737557788956e-65,3.0927200477896006e-30,0.002433350900308803
0.014458774590299255,0.7262154788546616,0.0011212655127102022,3.6063227865407956e-07,6.982224186894157e-12,0.003397619521284024,0.20052377394849386,0.04435312661285782,0.009929600320432216,1.0133402115603416e-21
0.5465645241899783,3.4179656327993877e-19,0.09780257836357702,0.11924428562456553,0.03445189731181052,2.010329095319275e-20,1.0294981797570612e-21,1.0667108769602094e-55,0.19910050131648083,0.002836213193587935
0.0356014400900662,0.7196891558206663,4.2203213298799244e-12,0.018620995147184558,9.81286465192363e-07,0.011580909913024115,0.21450651110469132,1.7574945717564095e-36,6.633681873417135e-09,9.534194009734181e-19
1.9077257661079232e-17,0.6539560839158243,5.341830230126656e-24,3.151842079129995e-24,9.674396366939159e-26,0.08838193072166527,0.257661928037297,5.7325213475899893e-08,5.109853804275894e-29,1.0382808528822054e-51
0.0008062534851824869,0.19961435788513532,1.2530971637750678e-12,0.5049767456490194,0.05172936546831706,0.17549343866919148,5.882945085456142e-09,2.858935064914957e-62,3.637915428441155e-17,0.06737983295895611
2.324680080718614e-15,2.1657408485943508e-38,0.03822361643427751,0.20969988268416181,0.09450988131882501,4.903800907916948e-26,4.714741213548153e-21,7.199735860819027e-60,0.6314095172972781,0.02615710226545516
1.1541468928669526e-40,2.3785532383713114e-63,8.217881947015189e-32,1.166153832510005e-45,1.513431634007497e-29,2.680734970034884e-44,1.3164979605348342e-48,1.1396664862307086e-122,0.08763948968606597,0.9123605103139341
0.0006984186927258032,4.726557887646305e-20,0.631307084692777,0.1338098689309391,0.021906840577195764,2.8195725662893226e-22,9.225900110077631e-09,3.1443094520594006e-62,0.21227648842550326,1.2894549591344227e-06
0.005963185631461059,0.5108597996606543,1.0630134877347333e-22,2.3405448166717416e-30,5.898104031003768e-20,0.025836254100412112,0.1721534665523623,0.02016422366721789,0.256600131599657,0.00842293878823522
0.0034730421140760095,0.0010907554354704708,0.19429338813844943,0.5135920150651061,0.17817852015981542,8.463238883676338e-09,4.447080460984579e-09,8.221571778765783e-51,0.10184890039996625,0.007523365776796713
0.05481439174233802,1.9771608657145e-34,0.03262965257748379,0.03776226589880092,0.7297811338273901,3.535599077991711e-23,9.4620685282071e-21,1.1338069769611904e-47,0.13695967246959248,0.008052883484394691
0.0016065605541808461,8.887222319542327e-19,0.582361089136101,0.08915301181565703,0.007443439190784959,8.204597392573689e-17,4.087482699165846e-05,1.5590406264977042e-48,0.3181107814588974,0.0012842430173871534
2.015855278224411e-21,2.5744547446817207e-31,1.1117253281144349e-07,0.9769513484214626,0.014330546791714584,0.008713596513549715,1.334641180185956e-22,3.733274055675014e-76,2.538065767062276e-33,4.397100740383121e-06
4.712726822281978e-10,1.4985812457966653e-08,0.05822099838755533,0.00017341217979301672,0.5350500377898679,0.2721817330531207,0.13437380313257558,1.1968240431174328e-66,2.405171158733114e-15,1.6167426871811488e-23
5.579238043092301e-14,3.962910740015084e-36,0.4246328041942676,2.0777146937200942e-10,0.5097168834684331,1.6923137461839552e-35,1.4722911878604859e-15,1.0007996297054093e-71,0.04479852934383354,0.0208517827856368
0.022883620775744,0.009533860127199461,0.4757644194173707,0.06453742016002792,0.030507178659545033,0.00797888280884267,0.38765718995902687,3.157836665746662e-50,2.6518577359028464e-07,0.0011371629064697232
0.00016911456207736164,5.907376703743627e-42,3.212982009958281e-07,0.4868555647664723,3.23214752240154e-05,9.389871125607149e-32,1.2295814944417573e-18,1.954192972384797e-74,0.3921025957661669,0.12084008213185836
1.312383829911532e-20,2.2010737130666975e-08,4.669152143692264e-10,4.4392805298562376e-05,0.6428315609320584,0.2829236546231828,0.07417452579105262,3.7049388795750783e-62,1.4087778643205584e-24,2.5843370755290397e-05
1.6031214117258526e-06,2.686728924963537e-20,0.9724515153031521,0.004993790362689105,0.0006413055047210342,4.963104881699476e-21,1.3799873211938163e-05,1.1308404754599422e-47,3.93692511341508e-20,0.021897985834814122
0.1195862152412309,1.2364421997058368e-30,0.7721911690149115,0.001283469121745484,0.08240526818412945,1.9301927811254988e-21,2.7194391879758744e-06,5.138825520775989e-62,1.288318804994425e-08,0.024531146115606684
1.682220989158024e-16,0.14617854405310904,1.1646056184926453e-18,1.2367269448994502e-13,0.017879457033961637,0.6485245298379004,0.006921594532130237,2.4210760994553665e-20,0.09691266670460509,0.08358320783816976
3.369163971300342e-13,0.46979815335556097,1.4476350874115883e-13,8.424911048459303e-24,1.6188848930624844e-20,0.001939076967476411,0.19604991358124374,0.28774697752280615,0.039253920532848124,0.0052119580395828405
6.634811555864276e-59,1.5705294969822219e-30,7.596134076071288e-60,1.9612504027256906e-60,2.5647984988117832e-26,1.0,3.201152255347809e-37,1.9467016756387245e-83,7.448315736350894e-62,3.721512094943134e-75
2.265937380584743e-10,0.7873335543506759,1.539222791023947e-13,3.702415724883628e-06,0.1476357602235775,0.06443361619350345,4.960887995748474e-06,1.4069122139195288e-36,4.026859016205885e-15,0.0005884057017706133
9.577385068718049e-19,3.3683696043604295e-27,0.0011597403405690229,0.887020549199649,0.07561783453010057,1.7023589787273473e-18,4.8860724992999846e-14,1.520143915617049e-56,6.522737998015959e-07,0.03620122365583277
2.0484025437750408e-18,0.6398519540356605,6.582147105086823e-26,6.37084796272493e-38,7.634222913219844e-29,0.005633205846908217,0.16765900039601217,0.0190644579479858,0.16779134685083863,3.492259465916782e-08
2.7184786692946776e-24,4.7451105979262234e-39,1.6853234856229353e-05,1.6096158294660798e-06,0.9521972803560804,9.04249523161287e-24,4.179871771092712e-32,1.9171102101162922e-31,2.3276273409359244e-12,0.04778425679090628
0.04084783048584454,0.1539692332416518,5.026731762310606e-14,4.3969527206627837e-26,3.190364838160722e-13,0.0784771139006779,0.5584599810367274,0.006587607263785197,0.09178334874483826,0.06987488532610558
6.1325002588872844e-18,1.9031387659858173e-36,2.070957599418095e-06,3.769190072454807e-11,0.17098978265777592,8.012254438883401e-19,4.565827529902436e-23,2.1063273849515964e-75,4.796814161939988e-05,0.8289601782053133
3.1331549410624198e-09,0.028422448817504414,0.12508988510053412,2.3956047054692317e-06,0.2588024847588543,0.0003514387021939482,0.28507093363380565,8.374818065359912e-57,0.2189409591299986,0.08331945111924864
1.8753163482685214e-10,5.0797483175674465e-34,7.801548004816842e-37,2.4899324412255338e-29,1.1545635722970362e-47,2.5930856597926175e-30,1.6102150766501663e-27,0.9999999998124685,1.1910025442234378e-30,2.079007911299708e-30
0.07084142365338411,2.617100904354859e-13,0.022304150421642365,0.006316750889609232,1.154708623876166e-05,2.3231955392185067e-25,2.9292187628248707e-12,2.157281167360888e-15,0.3242946646595148,0.5762314632864177
8.244907340749948e-08,0.34735905942276996,0.22557492025143666,0.11292919615796128,0.012777330321233408,1.5530190580720227e-11,0.05040258640458161,1.43610781462782e-49,0.23211289997920578,0.01884392499820769
3.461436328593875e-32,1.091039627475238e-49,1.0250776385651765e-14,1.3690722248045526e-20,0.9999999760927559,6.663705264137628e-25,1.25386606486831e-38,8.678912401013464e-78,2.390723376839298e-08,4.4115399816966825e-33
0.3226509940815887,1.7293724549087072e-44,0.388602975533045,4.203865823634153e-07,8.881457765608254e-12,2.912463061315987e-49,1.842853945341827e-30,2.4175082061096952e-53,0.2868720549721935,0.0018735550177090552
0.06124969707453382,0.701299754908915,9.299111227274948e-06,5.8122748679846355e-09,9.122916134039372e-07,0.001529315781225855,0.1928941287647292,0.04301688625548053,7.793272441389362e-20,6.82242356119637e-29
0.13098212893103914,0.02959196464578854,0.46721473370924677,3.1888645270514705e-05,9.720659271340916e-06,4.327541241354078e-17,0.03285011647276844,0.00037728037820553776,0.3270756707713932,0.011866495787016571
3.6132076336699784e-12,1.1218468851347385e-28,0.4408419183189843,0.014886534050954966,0.0013010246434801594,3.307208400398254e-20,7.842570311999181e-08,6.847568272901223e-25,0.5404346988498753,0.0025357457073890205
9.147699834187941e-05,3.637913974378231e-20,0.05605430445087843,2.9510028818869705e-06,0.0003671827818757116,4.7975089800037045e-28,8.455435221983403e-07,3.552230101148017e-49,0.023432863180980017,0.9200503760415198
4.2410315343917393e-36,4.081137915436575e-20,3.6228305801433975e-42,5.724071018767515e-39,4.1083751620478135e-15,0.9999999999999959,3.7786791486469897e-29,2.2661606959317432e-70,1.3169296525355165e-40,9.272180957505465e-42
1.0445621060539811e-17,2.1823034073594665e-28,0.35901357283239055,0.6408339748018773,0.00015245236572557444,4.8116726103869235e-15,2.3623272312479874e-35,3.019376237351391e-37,1.625170486343684e-15,2.303560584895978e-22
0.0020068708383691293,0.0011794702367131972,0.46766656243972765,0.4470617906349134,0.004650090455012829,3.937145496312826e-10,4.077993324004517e-05,4.5023043209343886e-32,5.0814965077813134e-05,0.07734362010323134
0.03565848842740992,0.8864058969373151,4.50435829345762e-12,0.02748919621905568,0.00019239381223070323,0.023749147402047185,0.02650328437172467,1.4531972835402375e-41,3.760312393281914e-08,1.5552225883751968e-06
3.29271398700201e-17,1.4154397279770494e-10,2.309941640590613e-07,1.6968911387322138e-09,2.432390643564167e-08,4.869185281417862e-11,0.10232423807931058,0.8976755041164675,5.989982191440879e-10,2.636951395675693e-14
7.244966760796306e-20,1.2882788745270324e-51,1.5150479842139163e-05,4.413965501842598e-37,0.21540284538221574,1.1696244270771942e-11,3.234721552904762e-36,4.426446473889808e-105,0.5307909782613394,0.2537910258649066
0.1581531575841493,0.09614723029029704,0.3500758564315248,0.0038890441737533766,0.06496432189571817,0.00217292950726825,0.0797308111931427,3.776253906865287e-37,0.2435537319871924,0.0013129169369540752
0.0011589646288064745,0.057061160704788935,0.026986560845182674,9.092487058781416e-07,0.007209971784847245,0.008765193994921377,0.8495066650323638,1.2253338823970959e-26,0.04931056262682432,1.1133559333875462e-08
0.02500908154590627,3.7975155655934984e-48,0.9716069169862851,2.3957095805400125e-13,2.9554149465650666e-06,1.5540704007573926e-39,0.001643380957432359,6.689320095207172e-36,7.3140014465273475e-09,0.0017376577811888704
2.5863153675199507e-12,0.1755846776775058,3.889211419930591e-06,1.2325277117021199e-14,0.004934655916422237,0.03559945022063201,0.771116328125616,8.741177082007217e-42,0.012760998845805152,6.115822604115269e-21
0.021245109797906548,9.446094211768435e-20,0.6497501633456467,0.10715046323446366,0.05549637449499227,9.51883356901832e-06,5.309392657047142e-08,2.986424575453412e-54,0.166338083621893,1.0233577602426409e-05
0.030978514382738652,8.37512936484969e-20,0.14570060138237484,0.296474514147176,0.24259172011227348,2.141377361089768e-23,2.2272147141397507e-12,0.00016791793302792671,0.27811443520797346,0.0059722968322085575
1.1995960794234182e-18,0.046057462480492035,4.2222572468885475e-12,7.178470793085871e-25,8.161461674161506e-13,0.08627700087646997,0.6680821621301644,2.694081326179103e-50,0.19958337450783525,2.758644065203377e-29
0.062004169975059864,0.0026435827008551138,0.7506403465950956,0.18270676560616345,5.65834737210723e-11,1.5311921383209199e-27,0.0020051350662418843,2.3783538080980906e-46,7.165815827897439e-16,5.938023140162749e-25
2.3097035788007207e-33,1.3992128778208454e-49,2.6604822042949584e-23,0.9999448047410885,5.519525852314735e-05,3.466958406412785e-13,9.486402336156127e-33,8.847736535970741e-69,4.4483928600779623e-41,4.174588390845872e-14
1.7888121851589282e-16,1.1403136939154998e-32,0.2040971233378388,5.1221471603331675e-20,0.7917574767980874,6.240985720187551e-40,3.46843652905213e-12,2.100898897031959e-56,0.004145399860605296,2.0009286826008576e-31
0.1542622429904101,0.5078722568063795,0.03380957394845862,0.09941473972567014,3.498223124737015e-09,7.804641308196544e-14,0.06567550099335497,5.9532017312391944e-37,0.13896568169083728,3.465882227335916e-10
2.7639289360907315e-06,8.115686952418738e-29,0.4216925495490753,0.02295858936634456,0.08672812067438933,1.0704030700985491e-21,2.0425899280154838e-08,1.0723471399404233e-57,0.45375612123442916,0.014861834820926222
0.004356583146768749,0.0012458530047860406,0.3586340360338374,0.34260763936113864,0.11030156608386532,4.577884290528927e-15,0.012097164206929738,3.22982026543799e-45,0.17075658268832083,5.754743485979468e-07
0.30210522836060855,2.329813186256998e-06,0.23802243962006026,0.06553555386019504,0.0005592200044391929,4.881542277052313e-12,7.660048751128393e-18,0.0001941859591482552,0.38934305568401867,0.004237986693462406
0.25358663123139125,0.33382531456483205,7.716499000707269e-07,1.7979505014123926e-20,5.128791360904349e-15,0.026740484891254582,0.36525495178455203,0.011904580307180796,0.006381763422360312,0.002305502148523722
0.01538700567272598,0.08217486855858752,0.053912046718139255,1.1595384920677577e-13,0.0187727747149021,0.008175162211397424,0.8212785914111447,5.722764762514428e-29,0.00029955051404778144,1.9893940695636546e-10
7.641221031452924e-20,7.833187997733306e-36,5.368618156014498e-10,0.9934653858744259,3.2240628783190636e-08,0.006534580766342144,3.1745416001596883e-25,6.95789614565994e-68,5.681395313595276e-10,1.3601795770480599e-11
8.436260870197073e-16,0.817715158283923,1.0381202786039273e-14,0.004672421494999759,1.1383248224264664e-16,0.03058596499850386,0.1073195408628673,1.3476639686947384e-05,0.039693366289861344,7.143014634477778e-08
0.0010467738041528352,0.21353197384234576,0.3004816201542492,0.09350589452772494,0.38584185033774326,2.1113911796796344e-08,0.005471182694418143,1.4026594554598038e-05,1.689751885217919e-08,0.00010664003338055163
0.8145780207166597,2.7115360818380376e-05,0.04038326012500314,0.026678552603113245,0.07904359268313164,4.5390885336011816e-07,0.0031744762440050122,0.00019468510033827686,0.013638919963330944,0.022280923294746253
0.0024914587200021245,1.7997826688952003e-33,0.9530018601966918,0.0009590145832352903,0.021605359213610984,4.220780630033794e-23,0.0011695608087298405,7.761556496476706e-59,0.0005971887140019686,0.02017555776372798
9.426423492085316e-10,1.1637577332457708e-33,8.525283425792376e-24,1.1454670453686407e-24,0.9999999974047978,1.6525597953382473e-09,3.6427557215467925e-23,4.0557325321584285e-53,4.012467869006266e-28,1.2475555766583728e-34
6.058190601799988e-16,0.2290751349815176,2.7380471422722375e-13,8.087578090568348e-15,7.44623887684091e-06,0.2747681149877386,0.33247551920250545,1.9223761380536306e-33,0.1616135982844519,0.0020601863046272413
2.764712958447401e-07,7.260059340233898e-44,5.206542304030159e-10,0.0034239500414442957,1.4986766788544468e-09,2.0043415029053532e-32,1.6001397711096425e-28,3.1434160818585475e-52,0.05157644315568255,0.9449993283122464
0.09733363123655377,3.0011864921006305e-28,0.8681849693748225,0.008109757895135586,0.004946466449319631,1.8740231326325503e-25,1.2175627717178831e-09,8.511099367008277e-60,0.018311956033284282,0.003113217793321527
0.5416635720564522,2.2886021733126816e-20,0.20505677410235423,0.15263730686239205,0.08634179478556309,0.00023070440583294012,1.149991451457685e-07,2.596141664377268e-07,0.005741038514633656,0.008328434659460059
7.470404967444887e-28,1.9316464867832685e-43,4.780458882254335e-19,0.9999999999999144,4.119456487765745e-20,1.911382056892379e-36,4.511022544384364e-32,3.1314144243608333e-55,8.0263640280112125e-28,8.56061221808072e-14
0.1064942914508949,0.10719240162234146,0.2996349294520344,0.04522562066300595,0.17292267749710058,0.0028080538332196977,0.10523182949808106,0.01829905037461379,0.14128604153941676,0.0009051040692913273
0.002085902220159789,0.00013603372050002396,0.5847457281877937,0.08910570947625718,0.01908854459834224,1.199946022672248e-15,1.692065783995253e-08,2.0586651530318514e-55,0.30480587986434327,3.2185011944744236e-05
0.17559466720647043,1.540473952249309e-08,0.5949146242020242,0.01702606771889936,0.03727150143862638,1.65541973332423e-24,1.1750589781249644e-13,1.7224310788572954e-36,0.1751929849658416,1.390632808574795e-07
1.5892554785737023e-08,5.0203049225988595e-34,0.969258692475395,5.278359972230995e-06,0.018090138490629442,8.7445992614426e-28,0.0001329880659709475,1.4807634102132484e-57,3.019163246563268e-08,0.012512856523845158
0.034744587940725706,0.42838786494277586,0.002331359310427887,1.0100802439104681e-10,1.503445560107301e-11,0.013836915074066527,0.31805418645285977,0.13826314618419416,0.06184600380868493,0.0025359361702226514
1.8669356064245744e-23,3.754059241857119e-36,0.12179265026974906,0.07447825384274924,0.8037290958562431,2.008419257423034e-27,3.299419164991038e-23,4.8953472613388355e-81,3.125625546491153e-11,2.332218432308827e-15
0.015608627317698898,0.8786234067743365,0.0007932886192607818,0.034304780558054054,0.0038924353962099083,0.02407170124779627,0.0426605888879056,3.466012682487972e-46,4.239139245331074e-17,4.517119873807494e-05
0.19449538498537974,0.00027688845466918504,0.4644779252595665,0.001054649451939601,0.028016406081531626,5.0155950161402514e-14,7.085401757288639e-06,1.7261264684859672e-30,0.2888647122866231,0.02280694807848284
0.08813827391975673,1.964386756116974e-26,0.6663905112321863,0.016791716951535487,0.03036512748654252,6.047585429181731e-16,2.8611149071689186e-07,8.63541756977628e-49,0.1919641476494934,0.0063499366489942425
0.04328618026107073,0.00043346438849106386,0.31574516565570493,0.028275563087603088,0.3935771743994064,3.5855554867884104e-13,4.693957534350354e-10,9.358798957561061e-45,0.16079864623905402,0.05788380549891552
0.012598702264919541,0.727049750147515,0.002615629887675862,0.017711780923316465,0.00011044641253345203,0.04669652237630155,0.15571144994057548,0.03750571767230261,3.748586167015917e-10,1.24632018753067e-15
2.226745504534687e-21,0.11539881426006567,1.614192721642838e-26,5.366891756898191e-14,1.935430632848464e-07,0.8272845893943945,1.4177197997767651e-07,0.005759792543450333,7.097058322573514e-07,0.05155575878116025
0.00200096792210498,0.49993167482076967,1.9556877520158337e-10,9.111700039143384e-23,3.45802543379541e-15,0.015769472817845173,0.30386676508111965,5.825881529076982e-05,0.17822185487464082,0.00015100547265671673
5.515712375825849e-27,0.9782354975393677,1.165315603654534e-25,0.0023390409946999506,7.472106710201143e-13,0.019425461465185184,4.140489007067408e-20,1.631714793056812e-27,3.5756547282802983e-23,3.60056917897108e-28
1.5235190334659332e-59,2.739738159377415e-53,3.3902537615690805e-58,1.3398731178423643e-64,1.0627211795645303e-88,3.4737274171673425e-51,3.4486248183240865e-43,1.0,3.3834051810402798e-78,1.513490237370216e-41
0.003232007614843816,3.4910087777004476e-19,0.944698740081745,0.05178997669932822,9.012172686230432e-08,1.8005538844635052e-29,5.898961383055463e-11,2.0201765301611997e-55,0.00027918542336645473,7.586024552835218e-20
1.1078422372712892e-29,8.180150471531628e-15,2.386518909211795e-30,3.3448335147711927e-16,0.10453522794503062,0.89546477192575,3.6450650813519173e-44,1.7666825493706425e-73,5.990607679935037e-22,1.292107800563687e-10
0.0010996892374270058,0.5712101371346922,0.002518849865041096,0.004544904375098316,1.175912824727134e-10,1.4735476593867992e-06,0.4052626892962729,0.00599954078724021,0.009362715638977752,1.1117054955243654e-24
0.3590420262515279,7.322058072267313e-31,0.027377535772473784,0.019676625276509707,0.009512722439989912,6.611051442996784e-25,8.10295694227388e-15,2.7539754142284644e-47,0.30957982604550166,0.2748112642139889
0.002463224792372805,0.0023660410529224604,0.26430418024175406,0.021061551240091004,0.3164545146621668,0.01649444202047617,0.005059044312725841,0.004727970753297352,0.3550919009791778,0.011977129945015728
0.03496198882265172,0.24808818266889562,3.521061239053447e-05,3.3096423632186718e-09,0.006639870870173474,0.04231441426416529,0.6296283713807371,1.8642888024621976e-06,0.03357316547549501,0.004756928307046291
3.482993030786686e-14,2.3179197373270938e-33,0.27711117365935845,0.02023569090878166,0.11830371188767343,7.281133163518054e-31,8.849562641208017e-19,6.112672865113542e-72,0.5758072671389661,0.008542156405185627
0.028865812276185038,0.9079394005662871,3.785771453161016e-12,0.047036741232153394,0.010046371631483466,0.005027224776930758,1.735838606876743e-10,4.173159905948464e-37,1.193622466064562e-16,0.0010844493395903644
0.07474389237280706,0.04812663447383705,0.3210589362046897,0.0348222465254154,0.22710307831753088,0.011228763104770736,0.00836822345288632,4.90946748090679e-31,0.2704833625776079,0.004064862970455003
0.11757471163610952,0.06905591445074173,0.09483215988929448,0.14902237660509765,0.09203464689194181,1.546113455475222e-13,0.045616584973216655,6.3046589768863116e-58,0.43186360553675124,1.669231481711797e-11
1.4116553827309942e-23,0.9835763815120943,4.618288739415755e-19,3.850215553924941e-18,3.650629716465928e-17,3.000305519677837e-16,5.462493371807562e-10,4.209434467549914e-14,1.31141924304748e-08,0.016423604827421542
0.09469690476155493,5.312060774693e-20,0.8641872481800535,0.005229984059744429,0.0019064340511138495,2.031806749049074e-17,0.03194243290648457,2.0833589684788664e-43,8.474425886080492e-16,0.0020369960410479408
0.012354204334558267,0.18654292031812222,2.617078690012696e-14,0.08997582235027062,2.4395229543867437e-14,1.2391065525038146e-17,1.536545994238905e-19,0.7111268718616842,1.0732716398898161e-21,1.811353141191471e-07
5.127161346897615e-12,1.4775665592772481e-43,1.4951455473399493e-18,0.03988701206157305,0.9601129879332998,1.4541330259067157e-26,1.7539301390173015e-34,1.5664528296965762e-72,9.433229454431035e-28,2.439884994227793e-19
0.2952453557048917,2.1742613026142055e-25,0.41365182711998877,0.07944732005903186,0.03505685892837602,1.6335247637237295e-18,7.215720785693173e-08,3.861419174954704e-49,0.14279629493975995,0.03380227109074383
3.006805934135682e-13,3.748054149446977e-30,0.5422364131536908,0.008677320662102314,1.8127736912213353e-07,4.2227348437096016e-30,0.0008292901756709121,3.7625435985378233e-63,0.4348042277210376,0.013452567009828548
2.183407572061408e-18,1.4181874219432923e-45,2.218039127431369e-19,0.9957369624531591,0.004263037546840829,1.3113311391710163e-38,1.8066591543559991e-34,9.204496997780238e-77,4.973967871855792e-17,1.7480095601829395e-25
0.002312027863773185,8.250068210302269e-05,0.23230213888108378,0.032366536466747725,0.11182678603965733,3.866221152591196e-12,2.641325941037888e-10,2.9881416196417116e-39,0.4463069930682343,0.17480301673040186
0.08662486455884044,0.5855773802684794,1.8496782413172088e-09,6.370409505425279e-18,7.423981327824163e-07,0.026021704242899464,0.12574352520417068,0.028292792033285878,0.14014854034909505,0.00759044909541799
0.2720531299605827,2.490429420663077e-38,0.36442812977760913,0.14596032163111203,0.1405170007364835,8.051449461353698e-33,1.8895462298555332e-20,1.3562088035938105e-63,0.03817252732258176,0.03886889057163089
0.020939817020194262,3.939660344423652e-18,0.4989270050114972,0.008033824623173693,0.0422209223946318,2.307933286824138e-08,0.003395763804752596,2.550681629282457e-11,0.4120418090258998,0.014440835015010964
0.09176053969416388,0.3459339550264454,1.6022264424584925e-12,1.544467401004442e-26,0.28058158904610303,0.23490053598665972,0.046823380232899794,6.972819612359025e-30,4.4111912007363086e-21,1.2126047593680481e-11
1.7707553507531465e-23,1.0093571781217127e-05,7.590750039444438e-29,3.1098490767295335e-36,0.08458027080342552,0.9154095255659268,1.1005886648167975e-07,4.398479453582385e-51,2.5099825865416598e-20,3.00299460326624e-62
0.0008890307707113853,0.5172563776137565,0.0018308012007129896,1.7225889313052096e-07,0.0002022879033319888,0.007148139721027885,0.4010915321992895,0.0035358866067766504,0.06143511241936288,0.0066106593061369965
1.52318646998053e-18,0.2708313384039746,2.5311358003489832e-14,6.21652496376005e-15,2.2386097444013782e-11,0.08996879132979166,0.48633226967079374,6.635607841261378e-42,0.15285254540943902,1.5055163583404937e-05
0.11189849540385327,0.45696197226637864,0.00045733435648279304,1.993021453288387e-07,0.0005272306556275684,0.02684838447636973,0.40330638353914267,4.472652745678573e-49,8.692524330363958e-25,6.875633417895044e-28
4.8729939655557615e-05,9.214132115739185e-30,0.8950575953640886,0.010108605089751498,0.0016095734064108923,1.8092600689674376e-14,1.5502338541553686e-09,5.8034568258252875e-43,0.09226976825616594,0.0009057263936755114
0.002639922337436454,0.00016567398482714138,0.09534996575525138,8.305427534796798e-06,0.0027827232626918648,7.438775419663537e-16,1.5849683569435773e-12,3.7149665526864686e-40,0.07159472691664007,0.8274586823140326
6.768950467379731e-10,3.307212039624246e-31,0.3064004583413055,0.26763678008402053,0.008827538342420916,3.3804645462794175e-24,1.3836125828647188e-26,1.2753845640201917e-46,0.4167756762358006,0.00035954631955725753
0.092699893921214,1.0016587390816608e-32,0.3939532220627666,0.048070938036641975,0.0674734516478897,1.314463683398772e-25,4.058572886069861e-22,9.586128564547815e-64,0.39417356894606514,0.0036289253854225674
7.984137152470574e-06,0.660385039723468,0.0008443997160354023,0.0014295728075253778,6.452126104082937e-09,0.001695975775838065,0.2220379318273735,0.014308003975909232,0.09929108558456322,8.551308972822787e-15
1.1934235878795808e-12,1.5833881271651802e-27,0.7170168825337191,0.03666518341848617,0.24631663440361518,9.455114587766083e-23,9.60704311170092e-07,7.11821302233323e-66,3.3890032278259846e-07,3.835226890679231e-11
0.30475426769477837,4.973908098505787e-23,0.48572864516104175,0.062413207966029526,0.10220429230297053,4.4393084182487825e-18,1.0093397821961444e-14,8.869289539591562e-60,4.207984208921932e-31,0.04489958687516983
6.888349382548198e-19,4.731962363776226e-34,0.0001345048287515756,0.9800142947398522,0.019851189705456806,5.5102361377284464e-24,4.528002198025852e-24,2.2459404496847315e-57,2.0318942729308401e-25,1.072593934003957e-08
0.08797634814523694,3.5428689800782026e-05,0.030157299690451687,0.013534100352533216,2.527494800941838e-07,1.8440691119468686e-15,1.8501229914340677e-07,2.4300928358108338e-51,0.8304763556896468,0.037820029670549545
0.14551624533318314,0.003544142293996685,7.356695891801776e-08,1.464864056739233e-05,0.0008608990371534879,0.0020766264456582714,0.7676879251790044,1.8600971907094273e-47,0.08029943950341846,5.926421816414864e-14
5.958933142387484e-18,0.4523594606445629,0.002172948440274105,1.5434218662872167e-05,0.00011902172875211045,0.0027595765613611265,0.4752091354252294,1.6191902167317697e-17,0.06736442298115743,4.6636986690224924e-26
4.7254492290287374e-07,0.08872734188128627,0.0006609226608215842,9.105039747789469e-05,4.404443190133581e-11,0.013943749453517075,0.3620702646108997,0.5344557783308965,5.041393985407896e-05,6.1362795564197596e-09
0.012231922529394887,0.00011086985060813796,0.22637130301545635,0.5587462697876975,0.1903338689764161,4.897702486309614e-16,2.907029513236761e-10,4.890419706631624e-40,0.0027865656202193828,0.009419199929504117
3.7223334348748006e-34,2.2689404630729984e-53,1.7350497103879605e-26,0.9999999921100318,7.881014435815059e-09,1.1579216074081451e-38,3.506180865769865e-46,1.0505344344011953e-94,3.432760266814883e-27,8.953793279909241e-12
3.639142906974828e-06,0.2716854526366398,0.1019321553732747,2.8320277137089393e-11,5.0729933252963985e-05,0.013974367971644495,0.4081556524085452,0.00208910486829544,0.2021048622428304,4.035394289815894e-06
0.0355655945192937,2.6846693529623805e-22,0.04000266061228196,0.022421178705357,0.8921097971937497,4.588376717880657e-15,1.119042623696544e-15,9.691720652978794e-54,0.007642209311478522,0.0022585596578332968
2.98519354959811e-35,6.924136335103928e-44,5.02056460851017e-22,0.9999999370918355,2.5119054733233596e-08,3.7789109669908154e-08,8.665185849321443e-33,2.262289521649172e-53,1.3901984227073673e-38,3.918740231953521e-20
5.28263012794135e-19,0.18778069852796903,1.3510749453519101e-17,7.3193043278522e-19,5.15747631783595e-19,0.00801710022287972,0.5611821398814236,3.6111485896169194e-31,0.24301814701612182,1.9143516057331336e-06
0.031545291873698526,0.8277761785033324,1.0435982877404904e-09,3.099621570018906e-09,1.8310090262810592e-05,0.07961735941505091,0.05511218457497082,1.1848731044268348e-39,1.4788506379215822e-09,0.00593066992061377
0.0027257915744043387,1.8567241790175898e-06,0.24774399063506897,0.02590764560624416,0.0028828512358564356,1.2552170060946958e-17,0.0007112962665505163,1.6342704900471681e-56,0.7081978810679388,0.011828686889757835
1.5657615724444358e-11,5.880442134631075e-12,1.4619516780590478e-17,4.1194527719209696e-07,3.3598463022528187e-26,3.897439260691642e-12,0.006984180017467606,0.9930152102861752,1.9772562666278303e-07,1.7769626243230998e-14
0.014635124947252732,0.7512144015290584,3.315394774776086e-08,0.03445011137147248,0.005646987533990564,0.009801921457823144,0.1842514200064464,8.402969838415741e-47,1.459162302333275e-17,8.446181153645919e-15
0.055342136785105384,0.4872700954576776,5.538919975021754e-06,7.769756564250797e-05,0.002367529049166589,0.0665570646444814,0.3862323112573222,1.8995761611208144e-54,0.0021476263206290642,3.485270292728078e-29
2.0241666006178577e-14,0.011451474574794729,2.6564075755259067e-16,3.563736182856791e-23,7.702365340600133e-22,0.012382167252650721,0.07723980955890962,0.8784959327358625,8.62694425557763e-13,0.020430615876899122
0.004737334555649767,3.0021874323029374e-24,0.8880999913232142,0.001343216409847612,0.06722106141854772,5.230301561105525e-19,0.013612276837571189,6.734590250365077e-44,2.9491313868210493e-09,0.02498611650603792
1.874950053192881e-18,2.1474329651191882e-12,1.0226245552738638e-23,4.5303614977338135e-35,1.2774217918552338e-12,0.9820383029825336,0.017961697014041527,2.6644092024228258e-64,2.6843676737572294e-21,3.966485965539702e-37
2.286598332962142e-65,1.3628963566803716e-30,6.23378833113552e-65,6.344668875316772e-61,2.6248267032182585e-66,7.526996376581038e-43,3.240164166669377e-33,1.0,3.924681256866097e-69,6.9106189894745295e-56
0.010230590611588302,1.8861821038760588e-25,0.036571792998323825,2.597700649501062e-15,0.803595678478669,8.028533176323976e-33,3.048152797524673e-22,2.1225190047531836e-75,0.14960193791113696,2.792894757948108e-13
1.209833782000797e-09,0.4900620283657583,1.9631183813050936e-06,5.114884725053612e-09,1.5521421607369103e-15,0.02174239347950044,0.3591915334489786,0.03320463197563046,0.0957974432870305,2.6231291783867237e-16
0.13094285793446125,1.178213507783452e-18,0.41134730902326355,0.2812958537747376,0.17641394197411106,1.3205118448597004e-12,2.1609345083448888e-08,4.013132984885359e-61,1.4891034772573945e-08,7.917262281206797e-10
0.12122952031684323,0.39482261702468024,2.7653578622021816e-08,2.0245939713925403e-14,0.00025190901957384214,0.009204031408005926,0.41180006612233905,0.0008453591497254207,0.06184646925737809,4.785545175968922e-11
9.224791744163036e-35,1.850480597974742e-23,8.11174745432903e-49,9.253668792071193e-53,4.93791837671788e-32,0.8988370641519199,6.910796295441732e-27,0.10116293584808012,6.3022895493114906e-58,5.555795461960132e-56
1.3944390250460052e-05,0.16927320309738517,0.057881892065730856,0.0769581791566557,0.015463034340976858,0.01277050907684034,0.1145416460632729,3.901756677066825e-41,0.5353723397214094,0.017725252087478334
0.3741072154681755,3.2120101082305204e-10,0.21027223740979667,0.3309048057416028,0.07714494648611968,2.9560919001533224e-10,1.0863127005058447e-09,4.037128412722867e-05,2.2144039829204693e-05,0.007508277867226168
4.036722208205491e-13,3.881177000489683e-27,0.9848715150657683,0.015075384563621508,5.279051051861714e-05,1.851342358782616e-26,3.0945067969132927e-07,3.291152981701773e-54,9.253718526936917e-12,3.9975430375398815e-10
0.5923380691644109,0.00963693761575041,3.111915968473923e-08,0.000255816962296426,0.01164618488174485,0.000527308505681692,0.0009297412570446827,1.1334434781631576e-08,0.015585559753212498,0.36908033940626406
0.0584174564510451,0.8702793634134809,8.160623235266692e-14,0.0004101557505209302,0.00011776044467588337,0.060952111732218275,1.0539099241030513e-12,0.00573267750117302,6.26369736641836e-19,0.004090474705750382
0.0004026903328155002,7.653125994745145e-20,0.49943013642476897,0.10224142382522824,0.3539923231777738,2.2592625505845918e-11,2.787073760179e-13,1.8994087470133229e-53,0.03963384251052508,0.004299583706017233
2.0682300216896215e-08,0.7465825496432293,1.5949643411309618e-06,0.0341758300197323,6.13496482389281e-10,5.174912132991679e-06,0.21923481074419024,7.911179112485053e-42,5.502454885302924e-09,1.2918122368513884e-08
7.66820743714595e-16,3.2984055925487205e-38,8.072190057090472e-16,0.9936911297027309,0.006306195744376422,9.159198176187812e-28,3.643992997207261e-36,1.0306964756975494e-86,1.3595376602011068e-13,2.6745527551566943e-06
0.04931648052002719,1.3264969518137308e-41,0.2272296906072438,6.4324758160829814e-18,0.2091020635233756,1.0032664540052452e-07,3.5139287818988283e-25,6.828191036931407e-42,0.5123637661571271,0.0019878988655809083
0.032856568299150804,0.4942130721178295,1.5820860148759603e-06,9.383422906749438e-15,0.000609943559238017,0.12966804088119288,0.3416802305767768,3.842143475856322e-37,0.0005991623545857628,0.0003714001252019084
1.0234697007016675e-24,8.028480534010292e-43,0.5178917514637219,7.3689522289643505e-09,0.4749244251296838,4.1263450109735186e-33,1.2251579971257758e-14,2.551543292445079e-44,1.048645132024049e-27,0.007183816037629822
0.08461144093808395,9.476420495421288e-28,0.7992008511919516,0.07060346426118014,0.03772100165855013,3.286835469571098e-21,9.671857827500454e-13,1.94528934881407e-57,0.005923791562650806,0.0019394503866161004
1.750682863772385e-33,2.4865809464858578e-39,7.875333890191124e-13,0.8856368201950673,0.11436317977261733,4.763818933857066e-40,1.62549668942104e-32,2.761238653231507e-92,3.152774265216906e-11,1.2541874836494065e-19
0.050257071404664254,0.30246851136339664,0.0005191450399459593,1.6405328748851266e-08,1.599938118052069e-05,0.011079967269871902,0.5423026124036072,7.337001533621815e-05,0.08809030108433366,0.005193005632334802
0.06858060202785249,0.004419544987119367,0.5151979474958837,0.0018617816481153104,0.011541207416914568,2.1788198722352778e-07,0.1420104224735855,6.543491484576144e-05,0.18662787603360212,0.06969496512009406
0.06463583562690989,0.007147210588047005,0.2822249959993979,0.07511131174545299,0.4184665020806079,0.0014858400295879302,0.017247877277525137,2.4620586477209268e-26,0.13368042657457624,7.789483564778965e-11
0.3821146621606979,5.957613812301225e-25,0.1243979774931128,0.026308830589729333,0.18050976025273163,1.428558636441146e-16,5.754424909404126e-16,3.953625301249618e-13,0.14848200634792688,0.13818676315540535
0.0023489839753717038,6.630872249580597e-25,0.707424918223186,0.00335413949380835,0.05238025636189873,2.5771850514484827e-21,7.564363904908532e-15,7.503403682706578e-48,0.18257410690276454,0.051917595042963276
0.0029554844318960393,0.08309589044533114,0.12619397459076043,0.003393018934139998,0.05211587699632632,7.764747566569762e-11,0.5696719747227375,0.0004268687956605398,0.15955525097093307,0.002591660034567643
0.03907035055965127,0.8478155049936797,3.025470163875283e-11,0.03172545174977198,0.0008433148655996534,0.04302800542252891,0.03750846779494327,2.5354799442406647e-47,6.077184844711098e-18,8.904583570469944e-06
