0,1,2,3,4,5,6,7,8,9
0.007966298864176467,0.013846824846296514,0.013685573923052611,0.21609461784598621,0.07220085391427364,0.030566590151450825,0.003946992571048671,0.09371606535733998,0.5012119405446717,0.046764241981703404
0.10144245067928195,0.25176153634632814,0.09805926908694736,0.10392939949761865,0.007552274991669376,0.02564313910564658,0.003393936359933109,0.23283777732495267,0.12152305787095588,0.05385715873666608
0.771008280463754,0.07956706801847989,0.00416871808639233,0.02054344149707921,0.0007014814986435196,0.030358640692335376,0.00047589975060325566,0.08815223574284282,0.003667193965554014,0.0013570402843156454
0.001393149821638809,0.05300933315404419,0.05308572771547246,0.05550468178180934,0.0014745614431110304,0.0769224152943294,0.30875608697905343,0.06903164726473104,0.26640040693970574,0.1144219896061047
0.0009170876386067914,0.000679418722863376,0.5808432119231589,0.0013683267670443018,0.37670091481988816,0.030268471924230163,0.0003186788773973076,1.3836435379668176e-05,8.4276269102041e-05,0.008805776622329405
0.010030836628636226,0.012595511197737028,0.6532202452501863,0.04390608296385022,0.08100664294299172,0.02217744623534192,0.08380472946336039,0.028565903188892083,0.036295033963826905,0.028397568165177287
0.0045314797803809636,0.004672310549203385,0.07107678830716388,0.00535201418133873,0.23063777805857397,0.2265014115560263,0.1506229457507099,0.017358365626561786,0.27433946482507354,0.014907441364967484
0.37208627207692585,0.08160677585321052,0.3837574312219812,0.026242626418041957,0.11917892667795718,0.0018345118819539715,0.006138975381882023,0.0014287489644293175,0.006860676786313609,0.0008650547373045306
0.001711375897854163,0.003894687425252803,0.004586767664041327,0.672495730743789,0.08604721612745286,0.0019790548538906032,0.03619392037920746,0.0002800871539819154,0.001557246555515223,0.19125391319901458
0.019712199304030936,0.2667986025464744,0.0012812403967055529,0.030555975819528167,0.0016169256505394072,0.005175688884428992,0.1882470444593743,0.0002737343552947635,0.4863208415006623,1.774708296116132e-05
0.025676583950589683,0.011765890065237318,0.2454412049306231,0.3330780277142332,0.04003235408085044,0.06444208593669579,0.09178128353022114,0.03234995277682348,0.014615318629469057,0.1408172983852568
0.002167286030396572,0.029885017542668056,0.02199104394419297,0.0014390626425343448,0.23870186029447582,0.016688385189341813,0.4069917321071052,0.005456878711857909,0.1166547006080931,0.16002403292933426
0.013158705023474172,0.02334120467277985,0.421761150102987,0.31302779525399155,0.09348321557863233,0.05067038716515514,0.0033229208671837077,0.014688101435841571,0.027471187602160718,0.03907533229779408
0.14995353596244998,0.1696563041517963,0.013193766038278942,0.03263283526257638,0.04561756263147481,0.10096329884711727,0.10951202690124338,0.08659758850188772,0.24207672615820017,0.049796355544975135
0.022368230964291705,0.0005910058116542619,0.015285700573708913,0.4042196470670848,0.08315281753390107,0.018504538801768593,0.001218514164045666,0.004365448698629422,0.008538277812192097,0.4417558185727235
0.01759210414982359,0.24395873503631355,0.028162740953402633,0.06862234830191884,0.03012716256982079,0.2409389294533348,0.20531123610693147,0.11952156374187468,0.03834027267588321,0.007424907010696632
0.008504132077867462,0.0025978949338509305,0.06300518678819818,0.20824543404729165,0.5019874802023268,0.1850564871384528,6.924761258152897e-05,0.005295292838425915,0.017325357697401948,0.00791348666360278
0.04262231892559631,0.003332725578050503,0.030495685730816954,0.003826958166263336,0.4014800037755044,0.05471239404304158,0.025098707277937688,0.2588312475368638,0.17616809757348847,0.0034318613924370672
0.0001228324686365802,0.026254705382541495,0.059862307502338535,0.0032483751897000326,0.8065087563432092,0.022257952097533982,0.016236923765651647,0.0066361214072973036,0.047080028109250854,0.01179199773384032
0.013276096819980486,0.017801369920348524,0.04056860790574542,0.42823181845483804,0.23254219512460392,0.12654600634533536,0.024605710232996868,0.06465808965609308,0.005829232757994821,0.04594087278206327
0.014785369604102623,0.0932407152348799,0.1514994619154024,0.08283314694744183,0.010353013489423536,0.01629607133661045,0.17317160140529034,0.06649987121851626,0.045851174431264845,0.3454695744170679
0.029960172860989506,0.0020783116144606592,0.7247903728932069,0.03871499581230966,0.0029498681629224134,0.0582483180180879,0.04552640903148497,0.01662678003620266,0.03479506651771018,0.046309705052625015
0.0681089386674471,0.7513539210391071,0.0032938688026578535,0.07587713824940977,0.000687477825805515,0.06854795844139117,0.021595161585897225,9.41190238619963e-05,0.004910426783683995,0.005530989580738421
0.019491301812993668,0.17916514423540641,0.15214229100530535,0.0006518141957542536,0.005565210317237152,0.4547703956257423,0.03679015591662879,0.08636952539074177,0.031387720189850456,0.033666441310339905
0.4405048522325527,0.002037411129690996,0.12946546310902884,0.011405292690163799,0.30235503458645413,0.013541784511193635,0.04089396057238287,0.004385407715565481,0.0007558657003680245,0.0546549277525994
0.015464560504085553,0.6197631181401116,0.08059380579651501,0.032929326814128565,0.19067473172512717,0.0012637372028244155,0.008831941607061754,0.006542797219661899,0.04220879398074156,0.0017271870097425104
0.004952643470067283,0.01066851107336628,6.415135941011738e-05,0.36247014137673056,0.020779592089720265,0.5601289846233535,0.002127178030917669,0.034509588001032945,0.0007598667431292945,0.003539343232272034
0.05772506187722962,0.05815836665581639,0.004573025775890988,0.3693148292382221,0.0055427512010140225,0.3076786071542702,0.10379220729095993,0.005338114943971091,0.0016236225959338495,0.08625341326669173
0.0010233291535128367,0.01844648966024561,0.015393203620111397,5.6095614891331344e-05,0.04116874098803629,0.0016291479711855134,0.6642412170391087,0.006148496848037946,0.0175241006921101,0.2343691784127604
2.8750553031754507e-05,2.6459785644220027e-06,0.4575386597060508,1.8222818422824856e-06,0.10091197484126571,0.00017656398880555675,3.090027094389747e-05,0.07754912677644603,0.04174218558399332,0.3220173700190562
0.06926144957594144,0.15674434990728076,0.23054358567104785,0.09789009722713758,0.22432911659287844,0.0637838433906982,0.04362988193057047,0.004791882275770038,0.10630666465944429,0.002719128769230868
0.06753163099826934,0.01385091017767806,0.0003468345490680764,0.00020920466248877738,0.06220809296972233,0.0031476294196360046,0.005793055332489077,0.04982522671710435,0.7650341862832256,0.032053228890318294
0.012416628142497575,0.0016708685650925691,0.003407631260784031,0.1110233426927544,0.07679440680458847,0.09547950348320088,0.41309140972381964,0.16814970873736984,0.006802670262794672,0.111163830327098
0.0059904493902951045,0.03986548178006829,0.004799219761834975,0.05467022148182442,0.3843335400365694,0.32829115915215107,0.023704853508530948,0.08139174920459923,0.03562723919731349,0.0413260864868131
0.006354929982324179,0.004394111401655888,0.09944467168384656,0.026997992944609923,0.2811759501785527,0.009364744752473371,0.06692008443448498,0.030448071351339607,0.03772324721226444,0.4371761960584484
0.05883549093625155,2.7314480262167085e-06,0.001914426429762856,0.05100451939001601,0.010156915645591638,0.06483034282831887,0.00036187747090360304,1.4168064119979148e-05,0.002640327296397838,0.8102392004906115
0.0022883959406072435,0.05745466040938022,0.011138597739004608,0.0203211802068762,0.4823995542041116,0.17630072921273804,0.08439180932317206,0.002074178356584977,0.05092254462772022,0.11270834997980501
0.021417252929916385,0.002419030325793751,0.2809446517289479,0.05865830400409187,0.0839935844321637,0.028722241501067433,0.1410465332088867,0.2756555259927385,0.03995476973028527,0.0671881061461084
0.03355451139671634,0.02364889364635428,0.44395601170577687,0.06570786557273825,0.056564279822264946,0.1503314888205626,0.14459952526042583,0.0019409966687871235,0.04596500010159366,0.03373142700478013
0.00019195032930795276,0.00031832187452399303,0.002101914094618567,0.7185411817522009,0.00015226545794301563,0.2744974288280251,0.0009145159376132302,0.001430998458647385,3.980524291436024e-06,0.0018474427428283968
0.00545985172891886,0.34674939531517857,0.0007030524372194353,0.08600746880539044,0.28779048575224003,0.2430668546869935,0.00882667758680966,0.0003178468579594527,0.019654184199965504,0.0014241826293244692
0.0002528908096418872,0.40150191362408266,0.018342693924191595,0.16383815461701817,0.06242384430506264,0.021257060899532755,0.02167836022944722,0.0005327950265423639,0.004163218132271959,0.3060090684322087
0.06723717691110448,0.03801401207003228,0.05141013760657431,0.010769534761475049,0.13902866926772373,0.03425696027585259,0.575903798878014,0.0024310533334486136,0.029342235694301392,0.05160642120147337
0.0023466353521502227,0.06675640907260529,0.0003502613639357612,0.001971042806729455,0.02198682048785236,0.017400545945085936,0.0006990329889740868,0.006468470488833225,0.8791157074934557,0.0029050740003780063
0.03727161470839369,0.4514450282602928,0.022338082597106467,0.0005342658704423326,0.0005502746693801595,0.039507575132336756,0.0645927506867181,0.1810258363104065,0.19548654240370786,0.007248029361215588
0.0033269570351124786,0.13383670598448846,0.00035740177666871716,2.706150268357055e-06,0.21324568811874756,0.017730000062379476,0.0007205355012089433,0.0004192278728577349,0.009788118539529586,0.6205726589587386
0.03961502306866587,0.36176970024875527,0.029999592722376022,0.11392761535226063,0.014319426575294862,0.01651446615607535,0.03938190938506047,0.007585881530661013,0.36931566784708164,0.007570717113768873
0.003445803175986556,0.0754905167555695,0.020583805835224865,0.28059580921946026,0.37950418965397636,0.08008630222683304,0.021892924228785148,0.04826885618942203,0.033776139312877096,0.05635565340186501
0.00022602146652572807,0.019673002868149034,0.0004854052239289499,0.0012250198167670341,0.0002009221263101911,0.07847943576050065,0.0010532098757557904,0.4120705875164395,0.4845827830489093,0.00200361229671377
0.0019521183266303199,0.004585187336301414,0.6674526989645352,0.002421219352836566,0.1959183873436193,0.030872271337829136,0.007762641076898355,0.0086106449345072,0.0019681594820317137,0.07845667184481088
0.012167965069445442,0.059818657014225986,0.05710421947127694,0.0598101871302569,0.008863104488826188,0.4716137484497219,0.305003553750718,0.0023472817850957693,0.009663400682867668,0.013607882157565155
2.02360908551687e-05,0.00010001668853084685,0.19213008033120693,0.05701169906581728,0.06861517885443559,0.5625739486676102,2.2505033386124864e-05,0.000401076840267759,0.09228142668686198,0.026843831741028036
0.08285706415898943,0.05884631493732429,0.007335972680604489,0.1689361611365256,0.004702378107746916,0.1541463552249008,0.09578389869061937,0.2986063862964127,0.016551255111341822,0.11223421365553472
3.764972842778705e-05,0.0031076595719074234,9.687755195824301e-05,4.9403711539215956e-05,2.962343998966819e-07,1.884730018653657e-06,0.015175612021567723,0.22418428662589981,0.29579875892775853,0.4615475708965227
0.0004710226573554685,0.027751629091230544,0.10331320335633758,0.017045472556690745,0.40083676180168104,0.00020429612366622513,0.03504657105974037,0.2508784076830134,0.03298050057407418,0.13147213509621053
0.08309068850914549,0.06209608810489513,0.1268576335558266,0.1207681407214652,0.25845546636130096,0.07248030884826567,0.024074320099299027,0.10781068414977413,0.0662066655505187,0.07816000409950905
0.0016275684970364587,5.1490574932043586e-05,0.22909015973798633,0.010241443283520587,0.009817046494678315,0.20080807723995575,0.006489377499545106,0.018245052349718783,0.003527589935206551,0.5201021943874201
0.033364323847423244,1.95358420531993e-06,0.000893286470542972,0.0014351102154878043,0.4678099917224933,0.0002941161109848273,0.00021986931150001998,0.2329338094491984,0.0008429916864601563,0.2622045476017039
0.02648698230030508,0.6167830295445883,0.05659520219712056,0.0008620354800573649,0.10032506131832941,0.015358825536100537,0.0005913364479078192,0.0007082930962267476,0.000515678604323586,0.18177355547504054
0.015046074640382273,0.07105791040290375,0.08855543905452884,0.14665622991463914,0.009652804423785414,0.40721890538986644,0.04198028476034076,0.0586673462677556,0.05969930891677083,0.10146569622902694
0.0016611198014079267,0.01751646067197443,0.5404766566846894,0.006103763423400545,0.25645164871052734,0.06452327223294627,0.014928875223005894,0.00978883770585121,0.0415586365872276,0.0469907289589695
0.002152327520294867,8.137009333911698e-05,0.7980149920044303,1.6785591943170146e-05,8.973359643123688e-05,0.00015340638573943527,0.0002589769645240829,0.02612901175911261,4.33538147143787e-05,0.17306004226947083
0.0001203710499286647,0.03863273938139408,0.00030696062976508925,1.1618431342341864e-05,0.5796494588042671,0.37231290131775435,0.0002869785756788647,0.007994628271338835,0.00012489923544488338,0.0005594443030858127
0.00013380609456786237,0.000221525389049401,0.04273455225406106,0.08755906154649734,0.1324973616816792,0.45022248215964683,0.0005399854416338989,5.3417366614649975e-05,0.004459529042734903,0.2815782790235149
0.046802513223727554,0.06637302129152889,0.6005911549978223,0.08799114077701607,0.05021678508353031,0.003978492855965756,0.0748771722039369,0.020627417782552518,0.03688503177583309,0.011657270008086671
0.1888489018058406,0.4032127363718547,0.041332379263945854,0.004255907406178713,0.19049783232072237,0.0023246445299218324,0.01185782020875343,0.000590251107685586,0.004419145240044607,0.15266038174505225
0.02080930662441639,0.13107178064990457,7.262957943417947e-06,0.0004708262506383329,1.1539147347194632e-05,0.00021374442624261635,0.24479854715560864,0.0032769866121116742,0.5992245642950346,0.00011544188075270966
0.00015266589226653484,6.835760534911306e-05,0.2153938048748904,1.3608377493663248e-06,0.7334478339039985,0.010382260150272543,0.005573025526415486,0.01768001876595827,0.00011205219670302315,0.017188620246396794
0.026399272835114524,0.026855913093617484,0.005521023294067443,0.19833797250404372,0.015288614248144254,0.12301314922188028,0.1350928060319551,0.06531035991675287,0.39664512433580473,0.007535764518619634
0.4879115844579142,0.004772168841178919,0.12017166490063308,0.04623685680835061,0.03212696824313723,0.07531667889387603,0.031336272774957784,0.0010772985066084075,0.09731793695469752,0.10373256961864605
8.142841242371681e-06,3.446800864784962e-06,1.4542615665493222e-06,2.420614646694071e-06,1.7959739122677483e-05,1.0084180799733016e-06,7.690930113498136e-05,1.154028284385899e-06,2.036100874803486e-06,0.9998854678941829
0.006866360606299401,0.4690252460431501,0.42708500489555745,0.0025435778893196453,0.0008452515943780708,0.013511641278804472,0.01083384332640088,0.05523358820864328,0.0023978919687259698,0.011657594188720692
0.007941654071777118,0.042733103589890895,0.0023278360802414413,0.4637728772214163,0.0351980547479171,0.2027537536019456,0.056255268211904755,0.14327816027540466,0.02618118322883748,0.019558108970664786
0.021459727352812763,0.01684552219671865,0.05515419567631008,0.04859565856706152,0.323907897557646,0.3495048906561072,0.028038668885007112,0.10459720191361906,0.007051850236270018,0.04484438695844781
0.0014831192590312947,0.28629994525279706,0.00019607528188336952,0.0009025357668828982,0.02565792230790297,0.010262453605162484,0.4896518498831693,0.02658225196560515,0.15547132903630367,0.003492517641261924
0.0006079038733765695,0.0050863976368471005,0.8261867035889662,0.02338692768253561,0.0022426227540408255,0.1296865647200257,0.006258680561325477,2.092000569547532e-06,0.0006575621793929433,0.005884545002920265
0.03350881613072999,0.00019851976474424143,0.0006748051754907947,0.0067397164791868905,0.1905778305786107,0.09781621540361726,0.013710492368768604,6.246793443282366e-05,0.0408341325012973,0.6158770036631215
0.0019479174568093568,0.0003206662444723228,0.0007720371027037352,0.0003346679987982875,0.6103288385628147,0.00508070246819395,0.017696640220846337,0.001217384693264919,0.0744674226034629,0.2878337226486334
0.012563621340739751,0.17747740645532475,0.29620533826422757,0.442711497335231,0.008471868657472563,0.018073802921870347,0.021537805934197674,0.0034585200415096777,0.01333406233909807,0.006166076710328707
0.02379517290775766,0.005681791120236119,0.1162760163746069,0.011739063605019287,0.38284043317068095,0.17840379737949047,0.053843333968234354,0.03325676611385121,0.027180367851290584,0.16698325750883236
0.000876797826436957,0.02248164217571857,0.02688475904685525,0.04894860612184223,0.11874257199228334,0.06005903709740753,0.5223330585404704,0.018581213229358268,0.07898775088220289,0.10210456308742456
0.03262908065827557,0.03513146663608558,0.21149576287693625,0.25105197603956203,0.10889431068874693,0.028721617832215704,0.022867377238896994,0.07906102051804649,0.053524100840444795,0.1766232866707897
0.06677577947129289,0.0006557516417558285,0.056197836981298335,0.004745181519103625,0.014473951613659282,0.3249255698259015,0.022278339663657897,0.3238673178623255,0.18285574838414784,0.0032245230368573587
0.09228706002168334,0.01670693197756255,0.1751249316064646,0.040715354511824266,0.14281014736245506,0.13680618371018521,0.3202332023929136,0.0022968691075787575,0.03214907108727722,0.04087024822205557
0.0172841834026123,0.0004296294779349342,0.0007816921919558486,0.497225541291255,0.038456577264252494,0.3363635073590407,0.014178275679240938,0.006672388962755138,0.005043495937315669,0.08356470843363709
0.16646716627821176,0.5950776597532224,4.523792849268564e-05,0.013573267309549827,0.07930305754537277,0.10961026268348911,0.002786297569119862,0.023857081987803296,0.007099579729595037,0.002180389215143095
0.026924902736649547,0.3052943722716772,0.026072278222712113,0.016592864873049253,0.23497015438855454,0.2452183361078794,0.01657443110100747,0.009247610348355561,0.08340667571211288,0.035698374238002005
0.12305870067409973,0.006390459850058361,0.024382740102732763,0.04668984956064402,0.01944949200032104,0.016135662894017785,0.01179558550086113,0.14857220554729947,0.12249365464460715,0.48103164922535846
0.01472286232348892,0.006186103684891685,0.11385958791621598,0.13732539269158894,0.15319873904461845,0.022346095140846994,0.29599941233038196,0.06647172712484024,0.009190325856451024,0.1806997538866756
0.0007167057476787944,0.0032682480664396616,0.00904726920930199,0.00138790404667603,0.09754071442570053,0.034599094949973326,0.7972187627414432,0.04849043141939992,0.0014931706320236546,0.006237698761363022
0.20963935793891894,0.16874664629350994,0.02313408501125845,0.0015579904835839548,0.20347841689843152,0.31737982763986217,0.007478074067559544,0.046340495423723385,0.018777282769499175,0.003467823473653081
0.8640342970442214,5.422030160919892e-06,0.01202310886329336,2.9736705330852692e-05,0.10221314239560372,0.0009830978069485013,9.954467675416346e-05,0.0007801833980107789,0.0014468578982666605,0.018384609181409474
0.01320391249114835,0.008756037668165009,0.1836432024966954,0.379420736807133,0.11548401021556517,0.09021613395854183,0.10139081103252712,0.004790184833166089,0.07019460233924478,0.03290036815781339
0.2376902412985452,0.0005549851969198343,0.024076961912778926,0.015126379786334979,0.03732147928668912,0.07082545095435402,0.012865605986937343,0.012532453946305425,0.021358198398644772,0.5676482432324903
0.00026880675711646275,1.35441504458316e-05,0.00020439411315505482,0.23622244100322257,0.00842074293833026,0.0006827763790745746,0.5229022212005588,7.379702525294918e-05,0.00446579236904046,0.22674548406380296
0.005170566873521593,0.13138767446173505,0.08641899270597422,0.11964450138107087,0.09078563537109274,0.0683628163904417,0.06771392397099385,0.03743107763549737,0.18493795842409172,0.2081468527855809
0.004814496086788226,0.03217184922136182,0.04675820674888001,0.17013669697549313,0.08874843637919407,0.08432920422151072,0.056379281659827515,0.10737646109070433,0.0026497324395710832,0.40663563517666906
0.00924799832600344,0.004851829909265339,0.3373130934414005,0.19477199238921208,0.24697548389575893,0.019929473774694038,0.07188854430847333,0.03161912377951151,0.02640222891746491,0.05700023125821603
0.018935318575187397,0.012249632384054944,0.12058661247657393,0.07079618571686207,0.13313990709166137,0.02147853374596732,0.35129825625925504,0.05488982898927587,0.005840711777633352,0.21078501298352875
0.0053689376135184624,0.25316896946565115,0.04520004153968985,0.03688826598951051,0.043872320516107566,0.03492964659568695,0.11563263967826379,0.37479469714949043,0.06837661765225093,0.021767863799830357
0.009609211684324692,4.826019175746455e-05,0.02353539667924831,0.09437439978386052,0.007987428967600773,0.3506214739832256,0.03058492271222343,0.00015030455631443872,0.01799320895453586,0.46509539248690895
0.48698731930055766,0.0808785403868953,0.07823500793998313,0.10501605100438571,0.0018720432214477153,0.053363273819042455,0.08452662198365613,0.0024093890321291492,0.02511743275753626,0.08159432055436641
0.004425603062833337,0.011332479569558932,0.12049024069228305,0.3636354530625242,0.08558553649770777,0.07156546185559838,0.03493069251796969,0.011396596302195668,0.2888209759273264,0.007816960512002535
0.01015268848581452,0.0005493874985608714,0.17986273433265315,0.5645353043058435,0.11694792186185626,0.02947827268858936,0.02869117093921199,0.013843228900659378,0.00600516191126516,0.04993412907554563
0.00703301203419953,0.0036432326751181772,0.11375526837260451,0.13958718069896323,0.00923917934950393,0.07405678954724874,0.06461907775757911,0.202587018263926,0.047302785134220225,0.3381764561666365
0.10422604582784173,0.03921901872617886,0.10736600044690202,0.03537473996840595,0.2724266578825642,0.07793259328694663,0.03772937244589981,0.16337484132404345,0.13494107444606243,0.027409655645154917
0.08261524966072369,0.04830439535953304,1.1592993562070925e-05,4.1394680791427884e-06,0.04783683224571786,0.003973978842429898,6.365026429768174e-05,0.3182175728012513,0.49662764673617243,0.002344941628232922
7.17954955112399e-05,0.5429229243852156,0.059010438415821834,0.008314346973208356,0.06241827443613862,0.030347295532107684,0.03433015804391705,0.1864821999143815,0.06510967828328766,0.010992888520410318
0.0034946616327980705,0.7787525045829607,0.0002287715736998464,0.027339742916001348,0.03241451535429904,0.050382743130349156,1.4249750495721337e-05,0.009933030133338695,0.0955110333304943,0.0019287475955629624
0.01813932170664242,7.959746569181113e-05,4.907951008022616e-05,0.08680863891832652,3.333861683855352e-08,0.0010875542699154217,0.00335752018121723,0.8515035473137703,0.0389733407297944,1.3665659449279734e-06
0.0006623262002848139,0.10749194941889986,0.011695515573762878,0.37814652507601987,0.4426049034208339,0.03527972348333335,0.010448031038106764,0.0002994775613041519,0.0024443127359819023,0.010927235491472493
0.00027016244369055685,0.0019345645764672257,0.0002345521630826284,3.742061589764294e-05,0.003844602115228834,0.008528937297305085,0.0013975869967487403,6.6500988345971505e-06,0.07931123498341876,0.904434288709326
0.021508782241272274,0.3904633872000797,0.06918414822021206,0.0016788283171338882,0.005788057514322452,0.4125251451536205,0.05018632637131886,0.037254503455933126,0.003048118099673029,0.008362703426433962
0.002707926488812542,0.00531919938944388,0.09419888096118369,0.018014397824567485,0.11310475500793743,0.014406783747883392,0.02253609176607497,0.22362289346112998,0.007947985818354705,0.4981410855346119
0.01111114743242143,0.03300230481641688,0.045217195441936225,0.14420756405711732,0.05336923239005287,0.10282660920088779,0.044209797495203,0.1418028013414578,0.04471568052363177,0.37953766730087485
0.0006872963575190456,0.2055766569323149,0.011540913729867486,0.005872792627000319,0.05585757652232132,0.537039942521138,0.024509544829566864,0.1310960333418231,0.00456500585926035,0.02325423727918867
0.029600879633802077,0.0015961814443489577,0.0638812579013211,0.20043720742534502,0.011805334125540634,0.0013853658000439794,0.038135372846995884,0.04474973859147718,0.13746944173408446,0.47093922049704057
0.25597331856830985,0.13795242253800094,0.06945910596171077,0.07819905933344302,0.3299816507460528,0.05499322819131828,0.027593468664057222,0.0005898268332738995,0.043019593719081616,0.002238325444751427
0.039574125709889926,0.1480144037463672,0.1608569536232363,0.08184374071662631,0.06318518051846617,0.05341095823577729,0.1342215427273197,0.08690159025939417,0.0794744739934833,0.15251703046943982
0.4154895819959861,0.20057566773691612,0.02207235847333063,0.01852169483567645,0.06559337711525304,0.042857686475911,0.19450938080542615,0.006310122003784125,0.000174120580164511,0.03389600997755191
0.001179284886072787,0.946776188902904,0.009792522742271962,0.006337261294008162,0.007915230579915472,0.0007754705409146256,0.0011897792296010992,0.02144416794785296,1.8081957797544925e-05,0.00457201191866141
2.7136841835346315e-05,0.751670004003929,0.1433486442687603,0.0009549618931688933,0.01889142247675244,0.007962034993299014,0.001116755947287079,0.00015893149997223073,0.053378904048851525,0.022491204026144178
0.43595941998043597,0.04400825206874016,0.5156399487099178,1.875352502907332e-06,0.00010914076232467173,8.653204931609148e-06,0.0005288331625423292,0.0009888633113629708,0.002634103439522088,0.00012091000771965585
0.002754581669824385,0.0012829432861002148,0.0012648258698765974,0.002488892451873082,0.0024711280710358347,0.5567598331197775,0.34841167626540914,0.0803527904602763,0.0011719858470541898,0.00304134295877288
0.033568832219701965,0.013826822502079688,0.21589969398268408,0.064959159899195,0.18163425099372085,0.07393110425479607,0.06412134748017058,0.09159007588640945,0.06780641966516644,0.19266229311607588
0.01965236631320565,0.009577458777713047,0.01623590447847964,0.2392839345114487,0.06883031739472104,0.0020880003353396944,0.03374086624086942,0.08945021064924169,0.06907027976449552,0.4520706615344856
0.00032769338733038244,0.00025138906931659096,0.002566559191910126,0.021434767422308786,0.9089182010503047,0.004380635045998325,0.008316751251390779,0.0001090833394402369,0.009814671428394523,0.04388024881360557
0.024947258922896107,0.0019149060749540894,0.16396323247087072,0.060139208920813945,0.22024865593939577,0.103221341978616,0.07249134123648455,0.07682099784030166,0.061231252293374394,0.21502180432229281
0.07273525127320793,0.41814357651932726,0.0009744677274389058,0.003619142613366032,0.020213574475682675,0.3623365880560263,0.021382006359726206,0.06832678905493161,0.00649187625368086,0.025776727666612168
0.010313195248380409,0.09494136286713394,0.4564422815286094,0.028690107936912023,0.0006120682413162851,0.19711017471611084,0.011264384190389571,0.0012443368934684992,0.1690456779170728,0.030336410460606304
0.027073308065011934,0.009845640404403022,0.07203878233133341,0.12607873749249118,0.1010111902801176,0.3846578214098291,0.05208863896376645,0.009171976337382513,0.1329538177952944,0.08508008692037036
0.035852695585380644,0.0021922283815557016,0.008621607151072188,0.0005032005260949803,0.24540448201479645,0.11867326663687443,0.09726540471390321,0.30107971535412686,0.019132571293961592,0.17127482834223387
0.03389048781431887,0.0007181456710342305,5.200509855217307e-05,0.0002515413482839366,0.1200401294276663,0.656899279628553,0.007216948362425981,0.000772003729893161,0.00019306131860722726,0.17996639760066507
0.022740728495765736,0.32790420163333694,0.2057328650693501,0.010314169765006697,0.23289548372908914,0.04470270647443343,0.09444074801413742,0.03477364652732698,0.023748822490240924,0.002746627801312501
0.012920342795484263,0.19086327057518213,0.13342361709485884,0.12796090573047011,0.06794474135191747,0.3807765640074888,0.003997390026167646,0.035276019704357627,0.018209504173448215,0.028627644540624952
0.03044799248095173,0.07168413962423026,0.0685254835209294,0.5180817436616781,0.1659447788883839,0.008408161172096095,0.0032596920106235296,0.010523228620515551,0.06352636300360352,0.05959841701698804
0.01700438787083289,0.01729575981492965,0.19175362323262066,0.21805377936137316,0.11230603914893693,0.08621472821208287,0.20016453634593223,0.023790025144435806,0.06620353240996214,0.06721358845889358
0.013817683129608894,0.00731537191519805,0.8270141732583385,7.007277669668089e-05,0.0023913045489074775,0.00396245660593021,0.00010763702741959017,0.0998055345182893,0.0005961794506923819,0.044919586768919106
0.013609148648302994,0.0008838769080636126,0.3183345468947174,0.20393559996670205,0.1767999666137019,0.12599660799783705,0.07595261366615741,0.03768059754054508,0.004327162322151002,0.04247987944182154
0.0005084631864872062,0.003290010223821098,0.03957172294454428,0.35998231784452284,0.2142326671855278,0.027283080393077096,0.026451776721489198,0.1888978125539592,0.04985611355292166,0.08992603539364959
0.03455853743646282,0.28971446737658735,0.006461062999905386,0.015347825499543789,0.3860194039904377,0.14869164983089075,0.006396718005611639,0.002404098994416207,0.1038160715887633,0.006590164277380929
0.00022690444895157125,0.022169077261751952,0.1530998430696253,0.0009140271059862743,0.009589739185749374,0.0011138662368918935,0.0020596215599077853,0.00038301438107484143,0.0011726387508155303,0.8092712679992454
0.0007490758073218761,0.0002535699553603192,0.010001556139480615,0.0161708228046396,0.050958937591942796,0.004454060207306341,0.12299554410743592,0.33138821391155837,0.009803767546501701,0.45322445192845245
0.00639845380071261,0.00014598027298460162,0.0073087760149860214,0.06715560194854493,0.07546984178771697,0.06134485136097309,0.007131075508587299,0.00904236887669774,0.04473479083196046,0.7212682595968362
0.037892665728060416,0.032182530253624275,0.0656007185100768,0.11304535673691259,0.03759957160089231,0.018824806198150267,0.3197748464094466,0.10390656476112277,0.008596359234471801,0.2625765805672422
0.020471206261571128,0.0012249092887337517,0.3575425504340888,0.32015415073580866,0.00019285856770930864,0.0028733347195372106,0.004395470457029649,0.003483165294477176,0.2894973822425911,0.00016497199845314062
0.12513286209277472,0.4398521234630913,0.05207360765222605,0.03719477488409309,0.052099452724439596,0.16958381136632836,0.028818520264430263,0.015488258987520046,0.056255782589823784,0.023500805975272612
0.010041826630563066,0.21172911459470278,0.003525384500081022,0.28187331238835894,0.0005937498216043248,0.033433256884344516,0.11584410598813256,0.006227789859770142,0.3283766046831532,0.008354854649289466
0.0012759148820708694,0.014813321252593036,0.007774566370461131,0.3643916340312172,0.2696420393422754,0.16777019183689687,0.04582900340756406,0.05263586940572537,0.01530206822303166,0.06056539124816434
0.004053029379226638,0.004430685725321173,0.0013417308992885928,0.42051799158625375,0.5439835522613854,0.00022330331725607815,0.000728316539627308,1.511908110004994e-05,3.7505813165129505e-05,0.024668765397376002
0.04093430856331547,0.2864068020641204,0.03435801787882948,0.03578538973872364,0.08903984287117207,0.10843082375946003,0.1059853819068844,0.06684004281854661,0.21630920771663625,0.015910182682311612
0.0011550937416820596,0.007925625424813143,0.03067095308411725,0.01359320603928875,0.4847321896715147,0.14507598792951848,0.06554288265135151,0.12622387222168518,0.05159888758102759,0.07348130165500137
0.013312420504907548,0.011028482861197227,0.028668645192847928,0.11702625988576812,0.2891489440314211,0.01603906707483679,0.0006090485204383945,0.00025632985566842356,0.0011415076662877387,0.5227692944066267
0.003427160747892189,0.5241676781949046,0.08155726046129735,0.0004279491951824166,0.019910547386829954,0.13555670061090747,0.0496340720680227,0.14118062004284776,0.03879844991183862,0.005339561380277091
0.11040865988730568,0.5562819553467049,0.007107419679120576,0.0027636685775290315,0.045547738296202525,0.020580402754996382,0.15653624592799337,0.007068879664249284,0.0020877545617672324,0.09161727530413093
0.028430653942723403,0.04387736607043485,0.34736791186954974,0.08461457005483801,0.03339004313747384,0.14855629924854055,0.0088342718417463,0.07225527478662516,0.08580858169327363,0.14686502735479445
0.09857960748916765,0.08624692127193175,2.9627387419584274e-06,0.05483237044994638,9.19668775162573e-05,0.0011298059016226318,0.06104098521823054,0.04382905072526924,0.6540079104405984,0.00023841888697527977
0.20468534966124047,0.39108846093243643,0.10298342015169219,0.05912879625644145,0.003103582309202462,0.0037587196511220883,0.05691279616194884,0.044721631260396286,0.04944088151296254,0.08417636210255727
0.11938980416513685,0.20468594056911318,0.15853522758841185,0.20703491444709934,0.14439070176016286,0.03670614797246211,0.06114263670048159,0.0002313128596218549,0.06568950641755278,0.0021938075199577087
0.052475563003105116,0.06500999355489229,4.762201068334764e-05,0.00012237095163766256,2.118878373537459e-06,0.0024907488643264287,0.024148484204949895,0.005029566267371467,0.850665925632561,7.606632099210281e-06
0.023592417417817948,0.006676356379993236,0.023513251648682815,0.2137297946820252,0.34740942068019653,0.012858602326467801,0.1385747905346691,0.0037413976157383852,0.03274459669850138,0.19715937201590758
0.03525408925883075,0.008124777043712169,0.000895322347610622,9.287775680557632e-05,0.03834750543961154,0.8941126265987053,0.020496110980042136,0.0010457315343369885,0.0007346653374696023,0.0008962937028753973
0.002025489664818358,0.00028631109078325426,5.216364932140978e-06,0.0024551095382983616,1.3922298719756748e-06,0.0007925049269466258,0.9359095986121281,0.0375747456791265,0.020943965844645605,5.6660484490613425e-06
0.0053233681834045175,0.1817344777473477,0.0012943112346938538,1.7983443896822993e-05,0.12557234351266225,0.08873980404646163,0.04103970751002648,0.0021472544379322928,0.11417287646315011,0.43995787342042425
0.03275821027327925,0.2855133227255736,0.05334802511253443,0.011337636126915584,0.06825369386519387,0.19575510369839277,0.13675860562846398,0.014127996843215383,0.2013207679649551,0.0008266377614760545
0.010754275818782962,0.007748317911339762,0.07063827321004713,0.13265385872150814,0.3154987956066835,0.05979135977015938,0.15274691868961165,0.01290686441301852,0.058737012786026103,0.178524323072823
0.06827349657593684,0.21408818562184986,0.1773668995756941,0.020693725859073163,0.08435442545661788,0.081388435939156,0.03571738295203715,0.304913288066359,0.009448650654853853,0.003755509298422307
0.14016046945970448,0.002993384113911609,5.6653680199382865e-06,5.187196752912256e-06,0.7693311042892423,0.08668483417088615,0.00066297133594084,4.386532245059844e-05,1.1366036981721668e-05,0.00010115270610933871
0.020398180303086984,0.044281522507992215,0.42964440148781596,0.00016295984827112393,0.00354549235801144,0.00823959694190027,0.0008295786495063924,0.27895197424628465,0.20183727417928793,0.012109019477843133
0.15545348858376382,0.002431502432749339,0.39874094697520684,0.060686083266555,0.10829247213053826,0.03536555621877949,0.02303121697467845,0.05552192191890754,0.020970066146339728,0.13950674535248156
0.43655213564516976,0.01835780285261333,0.2054696538427702,0.002533340263778923,0.025235308081291673,0.05253307662131132,0.02949364502845259,0.0022476836250437575,0.0029375126220217555,0.22463984141754678
0.0030092528355269007,0.0005643078675420933,1.4727362575663483e-06,0.1640959550643885,0.000593835935962798,0.0003497894215697239,0.00014503618716177975,0.6962990127510414,0.00027043471912394573,0.13467090248142533
0.21170976311326734,0.6758490177630442,0.003050906890122438,0.0017932473786666902,0.08745759406511713,0.0077126638450397645,0.002454375456868656,0.0034056137579724765,0.0009864725077336483,0.005580345222167791
0.0007403145040179046,0.009575527995617552,0.08643510069775938,0.003708180250603941,0.164460959495154,0.015308018062481497,0.10541644607847685,0.41147347629195075,0.19476594494295976,0.00811603168097839
0.08356370177133557,0.5714933819841397,0.009136342259259293,0.08042950378704318,0.09954968710662074,0.15158720769623632,0.0011466837419358772,7.245608266607301e-05,0.0013795513313993458,0.0016414842393640446
0.010749947794524956,0.0006822115646508121,0.1308373021746958,0.018363313414034493,0.026341435494655327,0.001965094800806579,0.027271965933777457,0.5458730810115512,0.0005970568767173137,0.23731859093458632
0.0003526950173707732,0.06965737858586137,0.003577359469744985,0.019693900167304153,0.00218758597167751,0.31089365790960016,0.03736769520809512,0.5185340088608155,0.013463496988128295,0.024272221821402217
0.1677728455102803,0.32274016534061445,0.12074810066812636,0.10308050181828086,0.029909475582335244,0.046654658243963004,0.03650241395548136,0.07407056179612853,0.01887741860183316,0.07964385848295655
0.05089222169873144,0.006479419703640045,0.3067359201807444,0.00248989841779948,0.5642133960119746,0.0055193103011276345,0.013997297993150883,0.002648959772145782,0.03820703000503162,0.00881654591565417
0.01914405531393404,0.012379422541574264,0.015551469081273035,0.2215965919542937,0.1496238706938499,0.23290449513363182,0.18090292519027085,0.04384814165677167,0.08370813388903435,0.04034089454536638
0.1580250990191505,5.5961032737873666e-05,0.5118312887343338,0.0024815398853918692,0.0001373610537686667,0.0024549718322657145,0.07380005755201356,4.854920587497618e-06,0.003210690511548956,0.24799817545820158
0.062096724380431324,0.22304443861634385,0.28012148172040974,0.10514445662249941,0.058901499934521866,0.08643036047041727,0.07383770766499541,0.010146856003667656,0.06381853607212977,0.036457938514583565
0.037977321831706316,0.021983234103419014,0.051544519093150366,0.184698166686611,0.11003816724696229,0.18840322598719866,0.28892502661746744,0.06508148013966152,0.009753828021342809,0.04159503027248078
0.019754152270593423,0.04127270394332481,0.07154617480282821,0.13332447833654276,0.3179133010049734,0.08004504327317237,0.08932897688477075,0.08415837006125265,0.12172821021917012,0.04092858920337151
0.15080091595224318,0.03577437164030672,0.035679801513094696,0.041533408176371515,0.16882789902735382,0.08619006130110696,0.04271137648558804,0.14067423108846444,0.017555198403844695,0.28025273641162596
0.0015989859261800819,0.0037657146900284513,0.10563291286209336,0.07763558163073768,0.43850279503841555,0.012325056959458687,0.03350752115684845,0.08086881976997669,0.23538268437398496,0.010779927592276074
0.22355548412920953,0.00904548376062805,0.04130055443634919,0.05640779275688056,0.015447790694363178,0.08543272689127275,0.05727040740662901,0.06729926255148895,0.42240526181190746,0.0218352355612713
0.5537839620161633,0.34090132697935666,0.030448167222254543,0.0028018911757704194,0.026207886847684117,0.029761017642971448,0.0007837585351703584,0.0005066709706711332,0.008151009634011856,0.006654308975946296
0.048227096103183806,0.02036893408958644,0.01491956273590783,0.015836686724551272,0.6917332851422304,0.019050409173434934,0.013275229688423118,0.06151555524733099,0.01770589961365557,0.0973673414816957
0.07486318517842709,0.31180775093632623,0.5356605757259708,0.0011197471367929168,0.0002283987522021565,0.01459043987344066,0.0015280118864785708,0.05847739822360025,1.0657110965144157e-05,0.0017138351757963375
0.04365103009091387,0.017640482271386072,0.27137701674590853,0.1091738158169155,0.24078565395167303,0.06215267539900735,0.11179959474757668,0.026575037861651787,0.02048651812729499,0.09635817498767218
0.0032170366782211654,0.0359212896661302,0.04230055811929941,0.01995717552596361,0.15635029274474133,0.0760221275190179,0.27867665820856563,0.3506001595390027,0.021268145470328452,0.015686556528729585
0.00020185530315388006,0.015551364934586498,0.0027367436426346593,2.9543753691740452e-05,0.7217386755524281,0.08332528715204293,0.0007535156450900215,0.043559206617280584,0.12288091797166574,0.009222889427425848
0.0006975140954958186,0.002037711930815522,0.10606549361109902,0.4740879549424091,0.02415887870442615,0.2918657346374544,0.0016648922059547763,0.03998079623825767,0.05429183597373238,0.005149187660355329
