0,1,2,3,4,5,6,7,8,9
3.1283777498183303e-38,9.778384141216415e-46,1.3576467940049169e-36,0.6238821050748673,4.106284263654176e-24,6.735571094963254e-25,9.109172798417567e-60,1.593825308003154e-36,5.430779185407446e-45,0.3761178949251327
1.3555526112916518e-11,0.8716710720332168,0.09893992270191479,0.001465380881682002,0.00017165508546464065,0.0045954104188394235,0.0003304242938909385,0.02039790771408355,0.0024282268572948505,5.73265263095389e-14
0.765965808883809,0.049171526724323476,9.168357777658685e-08,0.01241665368060908,0.013926572990236252,0.15851654985105237,4.227578530859281e-35,1.489509192763045e-41,1.2648239977221343e-67,2.796186392042179e-06
2.33607167856925e-39,3.9786423403271175e-27,0.4169470595231741,0.0013977337400455673,0.39571304341020597,8.65150422494963e-18,4.693359141519663e-23,2.3428354084629513e-26,4.472498792140724e-77,0.1859421633265742
1.2587609673147325e-05,1.8665635187933683e-12,0.3187386408484602,7.029407174733537e-23,4.8734780907823935e-20,6.277595781177623e-07,5.495726676543294e-44,5.399968901099905e-59,2.022622684037904e-83,0.6812481437804219
4.555664224338633e-28,1.299069810052983e-29,0.6385907898093293,0.25587691221331227,0.10553229153677596,2.8809956653763654e-13,3.9345140794698124e-42,6.440064600693241e-09,1.2472778987363845e-49,2.297597332730345e-13
1.3866937409505044e-45,1.9745584481792768e-42,2.4177446825998264e-32,6.4715849939810915e-25,0.9267859675283779,0.07321403247162196,4.015786810193318e-61,2.5109602419977658e-52,5.856363331860807e-59,1.1052397277752597e-27
0.10256700485533737,0.7802735574705106,2.0602830520832423e-20,2.8143154811417298e-14,0.015282790677294728,0.10187664699682905,1.7354894834764916e-33,2.477570320707913e-31,6.45998836771581e-35,2.75538546626187e-29
0.04024514593625384,3.4060233055126418e-43,6.510850522933534e-23,0.9179462088250596,8.68738796076716e-13,1.8111419029694247e-33,1.8192373052077677e-41,5.212984923780332e-24,4.906409362418393e-83,0.04180864523781781
2.2070816743527743e-27,0.556108549909969,7.766549095224439e-14,6.819769004516882e-20,3.77813712579246e-25,6.507274344876337e-10,5.108534372186335e-05,3.8072349638994425e-23,0.4438403640955039,5.285408398108991e-19
6.539091630404875e-17,0.019710525255092846,0.19801844403745383,0.7500864494070492,0.029659035512471277,0.0007156717553550354,0.0011652612124046292,0.0006401300024723711,3.928761628345384e-06,5.540560723991627e-07
2.5362370166400464e-53,2.0370310657434962e-43,2.7417738746259143e-28,2.3861973699931617e-25,1.0,3.4431083841041237e-28,3.1035169295227375e-47,6.828770733950744e-52,1.0221556044794221e-82,5.091509702164791e-17
2.2224642472489736e-12,1.2719319592820519e-06,0.022318648792745765,0.9772690149751256,0.00041106427769017684,2.0229098396793493e-11,3.5287548640798788e-34,3.606726771082917e-19,9.23023723993211e-45,2.763947386623152e-14
0.0015982937908246304,0.5860547775622996,0.02771603735635065,0.05585755929701858,1.8602994204293107e-10,0.00034023799780187993,0.0011957981259810093,0.3237808161145312,1.8290148945062813e-12,0.003456479567333511
5.8405846024173964e-37,4.961416698007584e-48,4.34944534479799e-27,2.5767320976623865e-07,8.625631447789089e-17,1.4605678440044273e-27,1.4635591650617812e-63,1.8214104685461204e-47,4.968696574646271e-88,0.9999997423267902
6.053978563231831e-17,0.5319378760700113,0.3233972398510142,0.002709851218949632,0.1254592299698006,0.00875402378911627,1.8385641926197842e-30,3.4123415812830436e-08,2.7155820649147143e-38,0.007741744977691889
5.457347760901319e-41,1.911493367239285e-25,1.0628709179489122e-08,0.696228509339932,0.04121383808303471,2.6346535851428787e-18,1.7927039478305838e-60,2.137426824723136e-35,7.662545847338725e-67,0.2625576419483242
1.6421653570018984e-21,0.09790434069361695,0.5509435107339808,2.6779473840425046e-05,0.12072866419890332,0.0019439758159497872,8.866831302878834e-19,0.10390346155914955,1.3804164312203196e-09,0.1245492661441426
5.282561979621106e-52,1.4817824244031108e-25,1.33106915188072e-08,0.02479828088195767,0.9746656742383399,1.2478508668732028e-31,5.425688950888803e-31,1.2695021010200155e-45,2.2491428643313972e-64,0.0005360315690107889
3.55193896274148e-25,0.06441669852877535,0.8872937481251425,0.023722585729873104,0.0002144450523800896,0.013526366544410433,1.5285409217531253e-19,0.005980621032284456,1.460338650684541e-23,0.004845534987134086
6.278142273388898e-12,0.00013992871511789163,0.812980654536397,0.16768110930197827,0.015291612786155529,1.8862233723547477e-06,0.00020223299278017623,0.001156148202633317,4.062162293413355e-11,0.00254642719466544
4.763352073102605e-43,9.058890100788087e-31,0.8356428777420942,0.15899658559513405,0.005360536247796064,2.709562147333934e-16,2.9293668752757733e-33,2.545951166925376e-37,7.066107841998839e-61,4.1497531294510325e-10
0.7193135314234049,0.28068646857659507,1.0894423752138508e-44,1.4539970251618243e-22,1.7273676081169142e-31,9.245755166030518e-30,3.16876608963529e-55,8.786225149788568e-52,9.455150905639815e-84,6.341892663059447e-32
1.857836181394173e-24,0.9807066788599513,2.5196823657089614e-09,1.53701901139058e-10,1.3535374413132006e-16,2.2682304568117202e-06,8.126596513942618e-15,7.961771963127675e-31,0.019291050236199498,9.653250244118671e-23
0.46900499117633454,5.477598917928535e-22,0.3513894780989947,0.14664512179156933,0.03186794156122308,3.675769314159106e-12,1.496518741253414e-22,0.0010924352722090234,4.82007267917095e-57,3.2095993673964415e-08
1.7362522134233598e-06,0.99999820629054,1.308070987686255e-19,5.982444980418796e-10,2.345545545169454e-09,5.451271600244314e-08,5.962493060811437e-36,6.002373403844533e-27,2.201362154823266e-51,7.403057947778385e-13
3.312991423322005e-28,0.9663552249329465,1.8823036369193305e-48,2.601162934501484e-35,7.322359825571498e-40,0.033644775067053545,1.221944584690417e-41,5.844012140784448e-60,6.527070948471221e-22,4.518754838323433e-45
3.8726490989205535e-13,2.465928861060818e-14,3.5640193834728365e-21,3.5121665288910176e-05,2.1125777059518297e-14,0.8681230345423618,8.094785388083322e-50,7.2206688692234035e-28,2.171791979596029e-82,0.1318418437919162
2.2032945948811511e-38,8.179291892757176e-43,2.3003388889002845e-17,4.62693933872301e-29,2.9670798004932847e-16,6.836631998365333e-35,9.871569570452203e-65,7.079196354036932e-30,1.647875077495497e-73,0.9999999999999998
9.091950739701781e-35,8.39648806138076e-79,3.9400601540314684e-35,9.743177286658343e-69,1.0,4.023457465882206e-42,1.0703971470881072e-76,9.938619059076647e-36,3.677789562361634e-107,1.2396542953299214e-34
2.745144617536904e-33,1.7142881157890833e-23,0.6108041893222671,0.36789247079537984,0.021303328149825596,9.556316719801079e-15,1.384834248859321e-41,1.3890892499784364e-33,2.543998220443768e-54,1.1732517807661115e-08
0.0026649274816145734,0.39119049604467765,0.0008330150398856858,7.779639346892502e-20,1.574406844327252e-05,3.1793921519042984e-05,2.606878899983327e-35,0.07884936703976689,0.5264146564040928,2.3452021144998403e-18
6.062707758740855e-16,5.363497792821569e-23,2.2011173789071494e-07,0.18799803543071272,0.21410267089361912,0.013275865938072562,0.0018272213137604178,3.65387618054518e-15,8.126264846211173e-64,0.5827959863120932
1.0327112616962034e-20,7.167374545247579e-26,0.09267411899597691,0.013650679246232833,0.8256665040745998,0.024519372251164077,2.5541303804310294e-38,0.03534739266936378,1.0216461445452838e-53,0.008141932762662531
6.949943391466236e-19,8.994842226632345e-15,0.46922889992141026,0.2598933797301934,0.033275401220877715,1.466807278717811e-17,6.918328505498132e-05,1.0498427017593477e-11,1.4885063819820358e-16,0.23753313583195618
2.5994889850777664e-56,2.5248917002909515e-53,1.4861229912698596e-49,2.0334117425601045e-31,7.51185167176018e-37,1.640196805643388e-23,5.668533213059414e-94,3.8658525647204256e-72,6.8524482829629154e-99,1.0
1.0976328188097461e-33,1.7601398120173017e-07,5.6804391000801764e-27,5.086513829379765e-13,0.5569166427734542,0.4430831804858443,6.051800111175402e-21,4.0810230407163636e-39,9.134745692605891e-51,7.262117060500616e-10
1.1600010449262568e-31,3.363670478138249e-40,0.10162294952309331,2.553037067506154e-08,0.8983770179343102,9.072222881746832e-13,8.5292106822381e-48,1.0650522282970448e-24,5.4547842673832976e-76,7.011318429993337e-09
1.6149861090606242e-24,0.20434272871432485,0.4628942996034145,0.2774963566803525,0.00033268367475194406,0.013289704579625226,0.00024332320033738355,1.8432751712825516e-19,6.082284398118466e-28,0.04140090354719375
2.7493123588400845e-39,2.0167999365076533e-56,1.2985033209972666e-23,0.6634014186941366,9.70540012194011e-21,1.2541058313430926e-12,5.03297586612576e-72,7.563211893133633e-18,8.986723223447549e-89,0.33659858130460923
5.389772685865138e-32,5.576743987993408e-25,3.464087962144617e-27,1.3564035985874e-13,0.00028165167502824283,0.999718348324836,3.0828620986787525e-47,8.402794811661953e-56,4.790093096853816e-77,7.36920762895592e-17
0.0026716561481196183,1.6465225481450526e-30,2.414539699474084e-07,0.9972576358331788,6.363976969552042e-07,4.9655655662771e-28,1.4057349158776585e-36,3.310475220900019e-21,6.120909404621065e-65,6.983016703463394e-05
9.614940836624577e-23,1.059957372629027e-26,0.7047981852770657,0.0960987735099007,0.18058704997624972,1.3801476642488978e-17,0.011453546735636637,1.1859622540070936e-14,8.369957451821742e-45,0.007062444501135262
9.899451595619437e-06,0.011736137746361494,6.09728864421758e-21,5.908625527161205e-25,1.0680008538874446e-16,0.7073801037137615,1.986136979609695e-60,4.579761455848309e-15,0.2808738590882763,5.098032139002813e-16
0.007053477746925845,0.5508597529092769,8.479232810993338e-06,6.22965171807091e-26,2.4751012529016154e-17,0.0007500738911353347,2.805787195342871e-19,0.0002524415312161934,0.44107577468863474,1.9339338169196093e-26
1.3434091578116144e-72,2.8134696279968724e-45,1.607946601965088e-82,1.0197559297515411e-87,1.0531225657243956e-50,1.0,1.018044993773001e-108,4.385683315270081e-91,9.552306869190171e-96,4.636464044054104e-54
0.3012960666613947,0.5083074930674603,6.578936080467019e-35,1.4296072180744977e-22,0.0740249717621223,0.11637146850902262,2.965890145245967e-31,3.0852858131630202e-27,8.582421221875338e-45,3.0820358238128633e-22
5.214912943232494e-21,9.500493203684758e-28,4.749272233215005e-22,0.09584713674392471,0.4512260192876213,0.001945470069340407,1.671132409233097e-59,5.764222092145183e-29,2.657337571284217e-64,0.45098137389911364
2.409611532547804e-34,0.8391425168509672,1.2375235712251482e-18,7.455992400040398e-42,2.4085141934655617e-35,1.731234245122457e-13,2.420775677954409e-38,2.337374810144789e-23,0.16085748314885967,2.2033585476505908e-42
2.848512551520984e-37,1.2001846401054689e-63,8.494042262506487e-31,1.8169180363373848e-38,0.9999992768864994,7.231135005928617e-07,2.500819572321049e-46,1.56044873830232e-52,4.6137813335984357e-69,1.7925859986163002e-24
1.6945731041204068e-22,0.6210924434219431,1.1232502542796533e-06,1.1573672820587099e-24,2.7136476036759406e-11,0.020088424504727594,3.8641824166598847e-19,0.3588180086464052,1.4953338105985327e-10,1.499657089103351e-25
1.119825669279869e-40,4.159078307982475e-58,7.631055565613981e-20,5.051097062204441e-23,2.8801226530898573e-09,0.9985063690931735,2.5019212411381652e-79,2.6088318695370476e-27,7.885215820950316e-95,0.001493628026703831
3.618648858637708e-14,0.2655129491239767,0.35285504326093564,0.0014372736152110923,0.26252633837681594,0.06177910893997128,2.5061082080825996e-32,0.00035796732248494364,7.183135453344502e-38,0.05553131936056827
1.3211014641761486e-56,6.022609520286146e-58,1.192238423354338e-62,4.668241694734533e-67,1.3522060544290188e-72,9.17015111001968e-63,1.2958606582107366e-34,6.562144651581001e-34,1.0,1.661792298531691e-55
0.23570868187908559,4.6135958049057824e-17,0.5457977238376417,9.28772713980844e-08,0.0018387096222843282,5.172934989199289e-21,2.2484750537686755e-21,0.2143250520534727,2.519639656309623e-17,0.002329739730244361
8.506033761898604e-10,0.5468845951274407,0.28658733136575487,0.10208936984775493,0.01907068293798286,0.00019275801511893831,5.604781704809739e-10,0.000941496502155352,1.334470758295045e-34,0.044233764792710836
1.30805864333256e-57,1.932243761291142e-57,1.2821866301161431e-30,1.5623412003125313e-40,0.02180454744289909,0.020625782665126335,1.645363632849653e-73,6.012457083290321e-73,5.826486674588434e-102,0.9575696698919746
5.721132524193669e-47,1.35361683272564e-49,6.064058817974556e-09,3.948954196309555e-24,0.9999999939359412,5.409326021444821e-63,1.738670794179239e-48,2.5071822678206596e-29,1.861169734743808e-65,6.461440725009756e-31
0.04215650540898199,0.9578434059188745,1.0712871331035414e-24,8.17348791318064e-14,1.4215297987494974e-19,2.1009147647176265e-12,7.40252713775686e-08,1.1586047726321501e-48,1.464468957843409e-08,7.294339371735167e-18
3.2331344641749155e-20,0.04469088244206029,0.6815134009566272,0.039667763548250426,1.1025529773676123e-12,2.3184074484659118e-07,1.729648979990934e-21,0.034005804336272934,0.19875439374898976,0.0013675231259521524
1.1848487206361994e-38,3.7459285233765464e-25,0.9995100480483339,2.7611348594053125e-10,0.00048800893387750143,2.0129849381970378e-19,1.564822376531112e-31,3.334580104222595e-41,1.0090021843885622e-44,1.9427416750320794e-06
0.006121503333960729,2.359028113381722e-47,0.9938784965376956,1.9305683610249285e-49,2.2832808171322216e-30,2.688456907858655e-35,1.1328001902218882e-70,1.283438138593638e-10,1.0810244088875298e-86,3.9032906933924e-22
6.53329051187559e-79,3.3923289299018195e-44,2.4520778070908385e-86,5.902276022934386e-86,5.722264561206903e-53,1.0,3.199564022824913e-97,1.4397113130271995e-81,1.5325856137583595e-93,4.7968837740313e-68
1.9047034995213909e-31,3.089673434236242e-53,1.7672083596842862e-30,0.9275150919420792,4.716584626200364e-16,4.497123718936216e-14,4.978940453076598e-51,2.8329004113302734e-58,1.508598591233707e-69,0.07248490805787539
0.0017439897512880758,7.531378681668522e-07,0.24373183236464432,0.7312857503419705,6.781821038988568e-08,2.453923765607973e-06,1.1182676947720067e-33,3.703409123610023e-31,1.6956288305772164e-22,0.02323515266225288
0.6723535800588917,0.32764641981277387,1.431963925491428e-25,3.2912737907577823e-12,6.714821809180297e-11,5.789500285671725e-11,1.3998886650309423e-31,5.982566048782455e-35,5.74263074929515e-42,5.13677815745045e-21
7.364338469664672e-44,1.5530071333254753e-27,9.034841225832171e-41,3.330763820642648e-34,3.767128429570215e-39,1.4161815310942727e-40,0.00041952340233335054,7.951724449851227e-58,0.9995804765976666,5.024419289506498e-42
1.0212254221115118e-48,5.456506471260846e-75,5.527978603701535e-32,2.838411304032228e-65,1.0,1.415079780960815e-41,5.39748721112875e-93,4.0659569118005223e-44,4.4318054639976333e-104,4.048463326112214e-49
2.6266072604991623e-10,0.19203741012893832,0.24592224843119137,0.47964211105773996,0.019832592019964405,0.013672625059927468,0.00022568987502261903,0.04866732278094944,3.836057886425259e-10,5.44392494276477e-17
0.004604341558778623,0.7927442153016594,0.18877288211661683,0.0044300545966575716,5.273881484207378e-09,0.0007449151627466518,0.00804038118705608,1.9687435649405677e-13,0.0006334269999600316,2.977780244641684e-05
4.281788361555619e-89,8.41671508029983e-63,7.414920084009272e-41,4.73209206641849e-47,2.0305646690535626e-53,2.7754792814582364e-72,2.0751846588387154e-59,2.889864085323236e-70,1.3256083396125365e-67,1.0
1.2628246968244628e-35,0.9997512366411475,4.689572343333673e-10,2.8607106582156965e-19,4.2205209188027335e-08,0.00024872068468609083,7.914448872416612e-41,3.669919991760996e-36,1.1545535216722887e-50,6.857685204021461e-20
1.0353684528847343e-37,2.1455314814237808e-20,0.09378063229246238,0.8972985577343171,0.005788082086520317,0.003132580441139376,1.2386449893523821e-45,3.4150210243936164e-17,2.475008681468624e-54,1.4744556097546112e-07
2.4875936108774837e-13,7.54874214675485e-14,0.33484601144580395,0.08310712835041843,0.4559896001402064,4.2873652096794276e-07,3.774343924383511e-22,0.003312166982016056,9.9855834574213e-07,0.12274366578636403
1.2432223189236169e-29,0.5807359991799182,0.09022642912506779,6.686580037495262e-17,1.708140184359488e-08,0.002762265697450847,0.32627528891616114,1.9911574516139855e-21,1.0795209638498228e-55,1.660163456441265e-27
9.872869690535348e-35,8.24893890986564e-21,0.7057123030526664,0.29420292149206184,3.7821789280722776e-21,3.299276625843395e-26,2.7101298639432775e-24,2.4626098342937055e-44,1.939934805159624e-52,8.477545527181213e-05
1.3134767668293313e-56,1.969303521815394e-70,4.42972538388475e-58,1.3860543350717136e-34,9.167580915612442e-34,3.159074935485055e-36,1.3719487915536135e-84,5.22438233330222e-77,5.971736550812186e-106,1.0
6.128605092180721e-63,2.678096392741951e-55,1.4532247307140564e-37,8.890858862624211e-35,1.0,3.859622437647943e-31,5.979835503933497e-55,1.2360148841428623e-66,1.756847098245111e-70,1.7897561164527894e-25
0.1313778089358462,0.4082357768771589,0.02021028375546632,0.3283777472490153,3.723656516645012e-18,4.271741961344322e-05,2.4018503237336436e-20,0.1117556657628818,4.235203535023069e-31,1.8009527683621175e-14
0.00015148787403897597,7.648946959838313e-21,0.5182935409835762,3.0496289215735856e-07,0.3008117911226311,1.0512407238992266e-14,6.042444549824986e-33,9.028754685264352e-15,2.8974803548382187e-41,0.18074287505684195
3.376888062568475e-14,0.0036336874749844524,0.18479966181645419,0.3175199228572118,0.08972558392969678,0.004642130024474248,0.19634904040156828,0.0001808611678560059,6.426612059426176e-39,0.20314911232772043
0.054333239005308925,1.257038717683325e-21,0.7032939986245584,0.14015230133367448,0.005549467738319968,1.6948101307572362e-16,0.0001340112516726113,0.0960614595910406,3.58934047338898e-12,0.00047552245183560987
0.020017282859693515,0.5584387225751632,1.900954363612373e-08,4.187308363873813e-15,2.185293032476787e-13,0.0023409402986614767,3.066320804858074e-13,0.41491521879138243,0.004287816465026396,1.3496759919148813e-28
3.065194144857044e-24,0.8794357708286291,0.09821964400122847,9.343986105116458e-09,0.0008967962647525118,0.021447766469994457,8.553047499779612e-10,3.938271119289887e-09,1.213954459150894e-30,8.297833427302513e-09
2.3808036419316866e-26,6.342702475370395e-43,3.057426131438766e-31,0.38905901647499025,4.404522567651803e-25,7.365498883102196e-18,6.2368842293956184e-77,4.1792267274918073e-35,6.316407916791095e-76,0.6109409835250097
6.589527420026302e-20,0.9999997092643385,6.583527656824747e-21,7.529190303962213e-21,8.423589708551647e-20,2.785492668043754e-07,8.44983584227675e-17,3.5256761968820645e-27,1.2186391258913805e-08,3.3298936718381957e-15
3.774288470044268e-09,0.1384253324796421,1.1457079835464016e-06,0.10716425032993748,0.7522538634232303,0.0012391827262338328,2.9180219718915677e-18,1.9478182151775502e-23,5.440389204694495e-21,0.0009162215586842583
0.00019803030906226336,1.9703175006101598e-09,0.015268065635569924,0.04578238119537242,0.059094959306471365,5.187696466337634e-05,2.2460699310922526e-08,0.8709950653433374,2.9946235277586747e-19,0.008609596814506413
7.18828386911054e-17,1.4737977524307918e-19,0.7413979286075565,0.17655545569082087,0.07266766642519892,0.00019839389485997106,1.0288649740325911e-08,0.0006430750244147356,6.449033757152771e-38,0.008537470068499108
6.776247070718413e-64,1.916547199661701e-56,1.6319757778594966e-35,1.027959512784815e-33,0.5304133901881392,0.07721792715740268,0.3923686826544582,1.1698162110330515e-28,2.0698977391743476e-87,2.2439330052763068e-17
2.667709478140599e-15,0.8263812907528263,5.669293713447173e-07,8.872258679323309e-18,0.0010051414596648502,0.1726130008581344,6.690641883248489e-44,4.484958762913145e-16,8.902243161520903e-38,4.0860141512425765e-17
0.999999987923981,2.7699859676889935e-58,1.29599180463608e-09,6.811584548609243e-24,1.5084889388651537e-12,2.438602493754157e-27,1.6111342037880807e-63,5.451333161343702e-10,5.333161922584321e-80,1.0233385232000377e-08
1.4982642367519865e-26,2.6537222740082697e-25,0.5583607322676611,0.3988912034064196,0.022817817323122196,2.8466017564046725e-14,5.230196480894327e-25,0.019930242822329438,2.1075655317652286e-35,4.180439102800332e-09
5.268282785658963e-10,1.17269950202498e-19,0.004218597443438863,0.10396608198597637,0.04516630780243534,4.381481015123998e-05,1.7307797102865416e-07,0.5465933881214646,5.270303838303572e-14,0.3000116362316815
7.97487399390662e-48,2.1148446866712788e-63,2.34175842938145e-51,4.6192669636129887e-29,2.984691943931693e-37,5.845636049816031e-42,1.602331536107707e-48,1.506737929316546e-70,5.349288280134532e-78,1.0
0.025565513111830866,0.1612056054079586,0.0673785497945513,0.5754486182475336,0.14744876412630514,0.011533127434801749,7.046212614494719e-19,2.7830684842132744e-05,0.009973706154967923,0.001418285037208541
2.080959257463274e-20,1.281956345663129e-07,0.7286479156591483,0.19002663098660408,0.003336028123418366,2.0751972336579526e-09,1.6890445763820758e-37,3.01426417137938e-19,3.8371819171961e-52,0.07798929495999743
3.902404857475284e-06,5.07176514587556e-20,0.6772708036863707,0.232597133732004,0.0802599840043452,5.6299047915908165e-12,1.815287686696312e-22,0.009868176162557966,3.767464059243954e-35,4.234635915917737e-12
2.299739161244189e-37,4.8929418248990704e-26,0.7562286536623951,0.17859489721603167,0.030852808585991664,1.119197971669666e-24,8.12970148707683e-11,1.0289218361419736e-29,4.565861733552434e-62,0.03432364045428467
0.00012515329043863587,0.7224569933330947,0.09270483520756419,0.0009767147261358106,7.534736239264131e-10,0.0003321570291801298,0.0006798839773541625,0.005299302300715445,0.17723161594843487,0.0001933434336085829
4.75426013257027e-47,9.62190573713541e-54,1.978211190341689e-30,2.3442781261587005e-13,0.9995783594669632,9.872206761507551e-09,1.117626573328814e-61,3.609413819861593e-63,1.7442669564695833e-93,0.00042163066059567217
0.7803115084235732,0.21910463228160543,1.9421905597552783e-20,6.997069003122375e-05,3.842294425923455e-09,0.0005138847624955016,2.2404469093879652e-35,1.6595654825961218e-39,8.763956051083923e-54,1.4478896345542336e-16
1.433337997961386e-18,1.7512742030233518e-16,0.5151712316489281,0.06858198844051197,0.02380338400713379,1.4094095256320363e-13,5.850762799469614e-07,0.3923764160851785,1.4643250166014658e-07,6.62483093248997e-05
4.3483263302092164e-21,8.155640946944864e-27,0.3899355287737609,0.5698029927500278,0.01930337691081569,1.8175445290821988e-11,1.5398628073350406e-29,0.02094198539233265,2.8913188544423335e-33,1.6116154887368288e-05
1.6019506066213243e-14,1.383940961165984e-22,0.23900690730545168,0.0759914050857898,0.45008815565488836,0.001468670021819846,6.043438583599555e-31,0.1782919179213794,8.749905295979827e-46,0.055152944010654646
0.03756438526712608,0.8753283869983299,4.55842977383565e-08,0.023098932856026582,0.006180956524104097,0.012998884265435919,0.0010317228927761556,3.523718527029092e-06,0.04379301131467883,1.505786977153021e-07
0.027917468121189157,0.05883912517891162,1.255389221502273e-36,4.745056406405698e-31,5.4035616105557275e-24,0.9059293737886489,1.3210418659113358e-31,1.105848154939181e-21,0.00731403291125024,1.7171523557756435e-24
4.7887103084754e-19,0.8738539719764136,0.10964580725941762,3.785865662519695e-10,8.914702572726231e-10,0.0020576913014901574,2.457980111866797e-11,0.013972678216272695,0.00046984995176940135,5.172493045684455e-28
1.2075062337172007e-26,0.9788729826334569,1.1344468602779716e-46,4.6625506121350757e-32,4.8182993292799094e-17,0.021127017366543092,4.789120905452885e-42,2.1230805903266774e-52,7.896497502538999e-56,4.682311304168877e-21
5.615450813055089e-69,7.369209673625269e-73,8.912570036235975e-103,8.395354209591213e-88,1.1382776094579998e-119,3.5298803937314155e-79,0.9999999999985872,9.944458564288668e-75,1.4128064079123078e-12,1.4069188218110573e-108
1.5904623074750958e-50,5.750912065904744e-33,1.1854358152880353e-16,0.9999999999999997,1.3421372089426301e-16,4.212051272261147e-35,1.3274150584772961e-48,8.375486980132032e-35,4.9023786334835737e-70,9.608460794018006e-21
7.785075937530405e-45,8.197467894871342e-38,5.1867065585876496e-62,4.607098851359677e-58,1.2751392089037738e-35,1.0,1.0046372549042492e-88,3.506766948257472e-70,1.2040541360951006e-91,3.1390092227257863e-21
1.4833106781165882e-34,0.9986004455591294,3.3251886280532e-10,1.8646380479940625e-05,3.624084524575929e-18,4.474447799669689e-12,1.653896288609158e-13,6.149477513871141e-24,0.0013797493350631144,1.1583881687281649e-06
0.07637597772335941,1.007293627439202e-30,0.15629981153675668,2.587772509236671e-06,0.0029186603560131096,8.128981865028061e-16,1.7699694971899698e-43,0.7244640240406347,2.609630656534219e-62,0.039938938570725994
1.7504545648287322e-11,0.030744327697316328,0.3868138358431366,0.01659665835359276,0.3083293764503599,0.03364179836443674,0.0001571542771824079,0.03770794993781608,0.002325507552848457,0.18368339150580637
1.7129999590697457e-19,0.9389006190171195,0.0419549868525029,4.3758136553813966e-11,1.3963060732089412e-12,0.018823272691696608,3.828922140414745e-05,0.00028283216925386527,6.478897439512233e-22,2.8683634905953184e-12
1.9280042561856558e-29,4.473923055562542e-28,0.5451497020624623,2.0805257150302162e-06,0.1521186182456476,2.763289116275818e-20,4.39087952428366e-47,2.0866995085723954e-32,1.9793405078401307e-48,0.3027295991661751
0.9642672049640928,0.035732765647782404,1.1100246809351223e-29,5.109973587505093e-16,4.1046558373542205e-14,2.9388083258613557e-08,4.473188300607962e-41,1.9327348819760443e-46,7.668476224219369e-53,4.588363871745e-22
0.032149658477555736,0.0484999669938122,0.33594339680303564,0.17393425742011132,0.3762186419019081,0.006668458151818432,2.357465981454635e-14,0.021251845868110814,4.263623296219482e-32,0.005333774383624213
0.5525636184831966,4.7557350264842443e-07,0.25405688761907963,2.1097734379857285e-05,0.19047473998326195,2.0492392912011605e-19,1.0084408055434272e-33,9.413251877593913e-18,6.480727318759855e-59,0.0028831806065794914
3.0606635160361006e-29,1.0,1.93718035450997e-45,3.3182578185745075e-46,9.061097691025359e-42,1.0859873848045459e-31,8.013553436639744e-47,5.485367616848438e-44,7.905964173874567e-53,2.0768269443014405e-36
2.1755597247551752e-44,0.205047431517008,2.4397582195952258e-08,0.7949525440854097,8.567450199350198e-19,2.611788706052645e-34,9.867980506324763e-40,4.021698392945856e-34,1.045418347993215e-46,8.050582871352208e-21
0.24136430021896751,2.6136488994079052e-43,6.184941612063496e-51,1.5846015600692194e-46,2.301353649044922e-53,1.6012081408068052e-53,2.5571571923515904e-33,7.559016362167081e-71,0.7586356997810324,1.4266053852952998e-47
1.1877521448309006e-46,1.2789003692784871e-56,5.024785795766963e-33,2.029959375697867e-24,0.9975889727781483,0.0024110272218517124,2.326073691450199e-55,7.014960600198788e-52,5.466183841235809e-93,8.401652025028745e-19
0.0027398747380815497,6.445971656706309e-16,0.3110987160516288,0.27398996272629994,0.03759420251099013,2.442595886614686e-07,8.891209948548011e-20,0.3321921836728135,2.4117166660128426e-23,0.0423848160405966
7.142415070255745e-47,5.61006751959103e-25,1.4468408460619299e-07,1.6463771152177062e-12,5.965232978216428e-16,3.356628248145939e-35,5.624609289452123e-49,2.1415208919532289e-44,1.8566998541318064e-72,0.9999998553142685
6.157296010591456e-47,6.084877244089795e-57,4.36389230088792e-35,6.132364776387565e-17,5.826214806076882e-09,1.2284732475592844e-55,8.423537004532911e-64,8.378851258924857e-62,1.8983996589882515e-93,0.999999994173785
0.016484492404019637,2.690562529863829e-22,0.7443110304415748,0.012820997556699952,0.12636693779408048,0.0034496885100794984,2.5190388920373388e-23,0.006465205351735414,3.8302822087874896e-45,0.0901016479418103
0.11868610780601316,0.6273240726182817,0.0035191784512074472,8.081777336499928e-13,0.009153437113295245,0.007684056680225477,0.07185397553469093,0.10563512172375238,0.05614405007172554,1.8825257070353837e-20
9.882370858605792e-22,1.1480383056733418e-41,0.07335602524486876,4.928159908508911e-07,1.2768657356025588e-08,1.53843349746698e-13,2.149378926270016e-57,8.927767721308604e-13,2.0003695918072992e-74,0.9266434691694365
4.608190572664366e-13,8.032076765152636e-05,0.8983913585396739,0.049434905475726466,0.04004876136791327,0.0014800969419465106,4.20392184952054e-09,0.01044664753773263,0.00011368431649424245,4.220848478699416e-06
8.739322628345619e-16,0.22604510111706622,1.1248127603627595e-22,3.1270471324927475e-18,0.13310678912892734,0.1722098341440238,6.2973159134391785e-12,0.46863827560368454,1.4169214165275456e-38,4.6414880516862505e-20
2.565038514289587e-52,1.8939776210112277e-18,6.584264333060668e-53,2.1851006241924312e-48,2.478252340431846e-26,1.0,4.654322773652212e-61,3.0604215877671147e-73,1.5252635669660618e-67,3.857329602748424e-40
2.2054059018668797e-14,0.9955009486236416,0.0018487931515601048,2.652166053277869e-10,0.0022768517330424235,0.00031527662895784004,1.0339428102025031e-07,5.796445306142584e-05,6.174995380953147e-08,2.6316492060883556e-13
2.9113267144495856e-38,0.9761592760080114,0.013667111136362044,6.855425167598664e-24,5.213845886630467e-13,0.010173612855105051,1.1135825415252333e-44,2.773323248313216e-31,5.565477802108359e-41,1.3631723200934937e-22
3.332752520228406e-08,0.7086790792707631,3.51940067176755e-22,0.290722546764911,1.0445775946301363e-12,0.0005983406356179272,4.341365511093994e-18,1.3811533826312627e-13,1.5169979270564157e-36,1.1909480530266926e-28
7.451860169323287e-38,2.4323743083718776e-26,0.6244700379971223,0.37296557706660943,0.0020579485634640935,0.0005064355249294299,6.880264136147951e-13,1.4517696092607507e-22,3.1266015792976e-39,8.471867804932722e-10
0.0181532162537184,4.3270238706645937e-41,0.9793135698740051,1.2454924783826651e-33,2.3663781040743372e-17,1.4191242932499924e-25,1.2760677585579675e-58,0.0008078309254146627,7.286036599613712e-58,0.001725382946861864
5.339962913264326e-31,2.7125309505215847e-29,0.6707375465140863,0.20854171760135828,0.03354759623463599,1.2020746382358299e-06,5.587747670040372e-51,1.2049470485902465e-25,3.7136952533377524e-51,0.08717193757528109
7.97859599638864e-42,9.809887386906228e-34,0.19686450044976248,0.7362412044906623,0.06689355590893778,1.8438370219796565e-09,1.118971327127187e-57,2.441605448331122e-12,2.0487691365699444e-62,7.37304358802154e-07
3.877628949735151e-09,0.9809961918954497,0.007884317788712602,0.00043281237045016466,0.00011859500612899351,9.621027587040726e-12,6.586208359931968e-16,1.3507609944709791e-08,0.01056806554436226,3.5534808489503357e-14
2.3772197043837462e-51,1.6301650245925433e-32,1.766819670498265e-16,6.599694546540558e-16,6.199818319670371e-08,5.459322891969836e-13,6.5609519147535165e-53,2.959617092463705e-49,6.025022483162902e-82,0.9999999380012701
4.636494541878233e-06,1.5224217919472815e-32,1.1507498492942381e-10,0.6325079718846108,0.05640738216144477,1.1726959978705408e-22,0.00475673394602781,0.3039096910635081,1.9232174300894198e-51,0.002413584334791627
1.9255980171676615e-39,1.1543663460650398e-51,7.997194889494811e-36,1.2404010756189807e-14,5.750296216185804e-20,1.0170086579568482e-34,1.0750846506204634e-71,9.53812691204413e-62,8.500470467972408e-89,0.9999999999999876
0.22073116375878368,2.319399134482118e-09,0.6414409338206286,1.95031778890954e-09,0.02447020983758981,1.96191193126483e-18,0.11334481314481891,1.28751438067614e-05,2.5746233947918076e-50,2.4655219906808367e-11
4.2699497662084565e-37,0.19397296303460326,0.05108879730186877,6.458151132254215e-08,5.878694111956479e-13,0.0109390838968541,1.890862773059785e-31,0.027696585621145586,0.7163025055634004,2.880254725967503e-14
7.463725984845242e-17,0.9370145970047367,0.0610049236003108,3.664521198227089e-07,5.661262216526093e-08,0.0019800563298281253,3.712067693013188e-15,9.063441358347525e-17,2.2990430214362798e-20,3.7862511868680367e-13
2.702001393087899e-16,0.24511240519576843,3.0273609333201103e-19,2.1583089927998194e-05,6.528420905034704e-23,0.001708081069015321,0.024675682642045983,1.1261162386003987e-12,0.7284822480021149,9.498591366745698e-16
9.36539292931299e-05,8.546136596562533e-15,0.01624653888826431,0.6449470124999196,0.20734552125708153,0.0005002243206014732,2.7392792237937916e-05,0.018532738295365808,4.124258977556051e-16,0.11230691801722728
3.3199188668289814e-50,1.4712555943775146e-56,2.221956659174759e-43,3.6571610130012486e-20,1.0901850121029174e-20,1.0441374692108082e-42,1.778413386106541e-77,1.6055157701421528e-66,5.816928956923681e-111,1.0
1.65936874468196e-13,0.7091233588048907,0.2790305272181051,3.4910380593740066e-05,0.00012797633134398312,0.0006989647082994735,1.867887179495241e-09,0.004402582733396672,0.0063348051653680645,0.000246872789949022
5.350055744011437e-19,7.837962141312645e-24,0.02224537634593761,0.01589391608201181,0.9335144324844974,0.028346275003949074,8.329801744119627e-27,8.29170312449431e-11,7.206031436273967e-38,6.870934779958602e-13
1.3840343901102325e-47,1.231961662691194e-53,3.7683640214902035e-46,9.373158684471404e-22,7.222485055112959e-34,2.1020342993222913e-43,2.148055724058154e-66,8.781004826324246e-74,1.8808289775556252e-88,1.0
1.5013233288782984e-21,0.97499399118174,0.024890931895926432,9.993734903279976e-25,3.2020897976047645e-20,1.8053583189029252e-06,5.3346691189557654e-30,1.7521653141543868e-25,9.25351267261069e-50,0.00011327156401482759
0.5115747323293335,0.44919780282205085,5.180017848162217e-23,5.323555653608864e-18,5.0061329271249036e-08,0.0392274147872846,2.483463521779824e-28,1.802227533953526e-39,6.406079063757451e-52,1.882105984490843e-15
2.2344810979101522e-08,0.0017003945836311862,0.9772378144395237,0.0013865028257629903,9.64685540091407e-05,0.0022339580875057725,2.2302860433977686e-17,0.004397677377681111,3.795148094020923e-39,0.012947161787075199
2.0708105130730173e-46,4.008348454416862e-32,4.055914658870634e-44,9.065357436601921e-45,4.533385840487328e-52,2.8194368989617958e-55,0.004444910589827677,6.696258047345784e-45,0.9955550894101722,3.3284904199263143e-50
0.0764948661883198,0.8856531133801575,3.929094965652109e-15,0.03597576998431158,0.001864582927479001,1.1667510868409284e-05,1.1420464246891037e-19,5.647671258322764e-28,8.01174045775009e-44,8.859597816152851e-12
0.13019718124012697,0.8538524803566525,8.740849997560213e-12,4.523102548800198e-08,0.015284126267874712,0.0006661668955794908,1.9438601498162576e-29,5.991621601406967e-36,4.1917625968146355e-60,6.607714125137854e-20
8.044457408396239e-13,5.770781995455175e-19,1.8341196569625154e-41,5.486252961139944e-42,1.4148549625622632e-40,3.0458169489691256e-25,7.796097803351907e-22,1.0320576927335686e-44,0.9999999999991956,7.642477002874768e-47
3.128000358980194e-26,4.1420876012137843e-16,0.40113937640627884,0.4437066367160949,0.11950502549739436,5.321954454116216e-09,3.956570015624728e-08,2.793316245106083e-20,5.413181578954609e-37,0.03564891649257687
3.9838829536082622e-56,3.153672161369656e-25,4.650296141741843e-54,4.281207062025291e-58,2.1609749918585625e-39,1.0,1.0012374439590965e-84,1.1407864175476706e-67,3.110773135223299e-89,6.819585101003122e-58
4.551741068088388e-71,6.174700495947335e-60,8.028016195492696e-106,8.199401755952414e-96,1.5693631022046143e-107,2.1335904697210686e-88,1.0,1.3518080728961224e-102,2.468395261384875e-22,1.1102486272589962e-99
7.05586398418886e-49,3.167571773300645e-37,1.998820871210297e-21,3.3721023022623404e-19,0.9999999999999453,9.410762406148901e-30,9.811137274771279e-60,5.335604307101494e-35,7.52464698905994e-66,5.46646723489499e-14
4.4964631032087063e-13,0.9260578757250966,0.017438125237859793,2.8121357534223047e-20,8.241534982833248e-18,0.00036074822619532303,3.2357260158113456e-14,9.68222911413205e-06,0.05613356858125219,3.064368278333304e-24
0.022141910833354202,1.3793239242942182e-21,0.05690595350349894,0.6380857271960023,0.27004070795913904,7.535066305530598e-06,4.0377592804242145e-19,1.9592506776483675e-12,4.231412988691157e-40,0.012818165439740646
0.0010606060305881515,0.6652750441807878,0.011989815251264864,7.560016795550713e-13,3.487943570399125e-05,4.741791068971158e-05,9.648138673392521e-18,0.3215922265225784,1.0667631055510739e-08,1.324062719823574e-21
0.5966588107258215,1.3171468719048286e-34,4.264762911298787e-81,3.233845610993523e-73,5.769441293558065e-40,0.40334118927417856,2.717036934903965e-47,5.740900173363169e-81,2.130114175707822e-21,4.341407065958637e-65
8.446969904883664e-27,0.14269146899228927,0.842773997676,4.528134404202435e-25,7.579669477240485e-19,0.014526036262735065,2.042473764829104e-43,1.926200896806381e-16,4.1225038737226005e-53,8.497068975304425e-06
0.010060256715016584,3.7637351112633264e-23,0.11876567708189242,0.4070171387358962,0.08579786968203516,3.679022969477563e-14,0.0018359765602614015,0.3747603750100363,6.975089076156331e-09,0.0017626992397361417
0.18039911756381496,3.646020288814241e-30,2.5007807524672945e-07,0.8196006323113948,4.6709356556100054e-11,5.774107421979885e-15,5.54731969297815e-37,2.092381196659495e-44,2.8866364957862907e-59,2.975483979990639e-17
1.2535106215215772e-08,1.9243030229007585e-16,2.2930779895060412e-23,5.042139709626797e-09,3.9345067924432976e-08,1.3211924874888821e-12,1.2724590493554941e-39,0.9958819749885404,4.9360740851439235e-45,0.004117968087824449
0.1638386568839518,0.8264312233263431,3.523194179177852e-24,1.5247498592339765e-13,4.7462903326675917e-14,0.009730119789502912,2.076438484023618e-15,4.5188465297601255e-24,1.306358185985877e-16,2.287253681610557e-29
3.397469613348818e-41,1.9433300710530267e-30,0.0012287634600255876,0.12711051523672756,0.8707816680410814,8.365103841299264e-20,1.6637011124771627e-39,4.998750583004847e-27,2.966296237475579e-57,0.0008790532621654996
4.215823088882202e-23,0.9999999880162586,2.752754498931536e-24,1.1021191327130629e-08,2.4111978562432127e-17,1.0273079955720786e-11,8.24964755640858e-35,7.155490535973644e-39,6.696437601664489e-57,9.522770338792427e-10
1.9927478449155597e-35,6.495987343441867e-54,8.002715917012793e-34,4.523155925221974e-21,1.414717564293729e-17,1.0317915774736308e-42,2.2893940560481317e-79,1.3520541414433438e-37,6.474312827053092e-107,1.0
1.090021644660419e-50,2.8090791641104594e-40,0.031431849355963236,2.543804347087809e-09,0.38801060321583203,1.4093233336131932e-14,4.8263468019731395e-54,0.5805575448696965,6.195383862176742e-69,1.4689656008815443e-11
0.011969252312821591,0.8824114283852214,0.00027750399758485285,0.016622287193288964,3.786521219918034e-05,0.03616431496583374,4.4628251985679234e-14,0.052517345755077986,2.152533950907117e-09,2.5393717015503425e-11
1.5290228389819995e-49,1.3557614106267507e-42,3.021266177429019e-23,7.714579983612679e-10,0.999999999075762,1.6549165927663313e-36,2.8338925829291725e-50,3.5471753411287484e-65,4.23414269161519e-76,1.5277990350789183e-10
9.064656736528525e-11,3.750157479892566e-26,0.4764007152550761,0.48131509268906403,0.03583740215255357,0.00115142639429396,6.784897040690876e-25,0.002818606433614084,5.137317385516454e-25,0.0024767569847517577
3.551527679270565e-55,5.066270837164899e-71,2.2274264962391285e-43,3.2945966236577883e-38,7.963579020996904e-37,1.6594527200847134e-48,1.8983341982333545e-90,2.815313663501071e-82,8.436259512779928e-119,1.0
0.0004171094673209096,0.6560036535451231,0.2480075662172319,0.0042342967922213235,0.00018083619964785486,0.000647541320427015,0.00015178457520074472,0.08841391378118993,0.0017292907059296306,0.00021400739570738813
8.847528479305196e-09,0.07497614213914204,0.811152133133855,0.05084123078082473,0.016276604098278726,0.0033613031403751737,0.00030324775820703414,0.04274137462472164,3.923069510763297e-05,0.00030872478195956277
1.0633998492320462e-12,0.05032260093318664,0.1600611562320931,0.18794289367315803,0.5100985553772228,0.0323946681359861,2.1993667407114473e-24,0.04819794578282992,3.128650128660931e-30,0.010982179864459974
0.024077435805851213,4.701936607612255e-26,0.13537294161721708,0.0550165756425946,0.1461324039985672,0.0022706726429575688,7.796469564034446e-25,0.5746606663634027,6.108340198098234e-32,0.06246930392940963
1.451977295951753e-15,9.221992271884362e-19,0.7591422193131018,0.040897049473567024,0.1994277550623251,1.3543356359084372e-11,8.439327306535483e-22,0.0005329731190834772,5.922676048324244e-16,3.0183773954169687e-09
