0,1,2,3,4,5,6,7,8,9,10,11,12,13,14,15,16,17,18,19
2.5855871795767484e-07,4.168762054555222e-07,0.013492614125645012,0.0031091956074242506,6.151279766471003e-05,0.000505446719363972,1.0635852120823113e-08,0.698127791574869,3.7869892692463466e-07,1.7892406947913303e-09,1.05040344766794e-06,0.0023522902957148605,4.137260587721601e-12,0.0050942046595973635,0.004487498544586058,0.23208024592442492,8.671573893670806e-07,0.0016123359452874526,0.03906124252194707,1.263715955789577e-05
5.190724655970817e-19,0.02091790357413354,0.0003231231785645276,0.052232647114969666,0.11586947350585036,3.5389616265937372e-09,0.019146815310498753,1.7561661165167117e-17,5.778587398520522e-08,7.533311354745921e-10,0.00020944700552799994,0.13301232630699447,5.835917567828538e-06,0.5671440494537238,1.3336724061340917e-15,2.1728549014700916e-16,0.06696560963752358,0.024172706799784786,1.3871555611411583e-11,1.0282092157466212e-10
1.538570250219514e-16,3.395945848464752e-11,0.10230926795621495,1.6188882256740619e-16,0.013771017316963046,7.832605845375813e-15,0.023932479956423284,0.08764613380110313,5.5195074081773584e-14,3.484233554741309e-15,4.675764947186624e-14,7.245291235548111e-12,2.4940180561417846e-14,0.4655878564655558,6.9947898314150135e-09,0.17741882997950553,2.175735702390993e-21,1.6262988398163338e-10,0.12933440732321638,2.2549296397832893e-12
1.957433784903654e-08,4.3168550555501417e-10,0.00010822956733149085,2.6360182380991233e-06,2.593174221738897e-09,1.051512925335495e-09,0.01307816926266968,2.1981201656284374e-11,1.486710061456895e-08,7.758491926220577e-08,0.0031001682766198004,0.010274566406760511,1.6051845320234014e-09,0.0048113683807019195,9.620793349831031e-07,0.45275392829431743,0.23870806503832648,8.588884301248636e-06,0.27714951515387676,3.684907625349546e-06
0.00030016976824134313,0.0005150678126740538,0.00017722062457197166,2.9554012129631714e-07,0.45376853294450215,6.846820942378597e-08,0.0002638570598263862,2.0734386225539945e-07,1.8772884166574057e-08,6.666456002385105e-07,0.000587878471768136,0.01606323910735949,0.19233976849322448,8.033782495115372e-05,6.163300626649021e-05,1.271766930832315e-08,8.531266211245484e-08,3.0143444324048387e-10,0.3358409380114975,1.772673725556606e-09
6.188987175022828e-20,0.03118064601744889,5.335800665290464e-07,0.0048376779379267635,0.11749807569393295,0.15571302805541323,0.068000355747923,3.3268964002519835e-13,0.0004639989992444226,0.09026180775359108,1.5074706801446107e-06,0.0017336631550634734,7.823989332679688e-05,0.35501635663773684,1.2350137594923897e-13,2.991926701333848e-15,0.04370221619156232,0.13147171960370954,1.4185875557816615e-07,4.0031403159273994e-05
0.04870822701213368,1.2586399956711763e-13,9.372449554046315e-07,6.935610391210847e-20,1.3904809966766079e-14,9.14472700978752e-13,0.008910143956722644,2.0412845224047848e-14,4.624108390546537e-16,2.981140462177279e-17,1.838595550494722e-11,0.4077950668076666,5.8172770623573356e-11,0.008798297740238754,1.3794764198775798e-09,0.5257873216098524,1.7447399487498773e-12,1.6775037482677844e-18,4.104765034218973e-09,6.481054231597688e-11
2.1122485282553706e-21,0.009233712362761248,0.01055105057267544,0.0005746331442195728,0.009458636550994293,0.04012058093645773,2.1977477128058665e-12,0.00039694578954159985,0.13294593570366856,0.0012895855437373305,0.0016803529692932372,0.0974144670595728,3.4451821604062886e-10,0.4695888024602572,9.378213641882869e-13,4.741730655511445e-15,0.09778366795749635,0.12896058143963163,5.148777269593908e-10,1.0466471567606487e-06
0.004187927470158772,0.0001672472960538138,0.0011715849487694665,0.003117692400616755,0.0001321148742799834,0.373974300048149,8.226539507561458e-07,0.06005013919040189,0.0043010901660862,0.0005977001340750146,0.025073640079428215,0.23180956673636136,6.171551465510679e-09,0.04858207144990618,5.371809984768795e-05,0.027197954253277538,0.0068151737999371746,0.08062566968298286,0.13213578340332421,5.797140841866466e-06
4.2863574039564256e-08,7.245457991311656e-07,1.1797016133245624e-06,3.14246451257653e-06,1.1131705011143192e-06,0.0019612707431550433,0.015407956211655938,0.000889721921084471,5.1389321912676e-07,2.3514854071709405e-07,0.01369698527039607,0.006673777281265702,2.0825941631658465e-10,0.18036844549808803,5.926081260896813e-08,0.32296703810485694,0.15839613392932964,1.8342118884917084e-07,0.2996260379156222,5.438446524993476e-06
3.012234137005198e-23,9.480710094454445e-05,2.102486968630292e-11,0.010068461501688055,2.835188841668146e-08,1.157596227101074e-16,1.387535356317988e-10,0.008757938372767662,2.2480658698493244e-11,5.452467171774133e-16,2.752736780851996e-11,0.2898625921317189,1.1491785721533893e-08,0.35295859528770585,9.732244714377875e-10,0.3380274000877129,4.183356542180635e-13,9.209744438289982e-14,0.00023016449017024368,9.574919714570305e-14
2.0730378671916773e-19,0.01595663316742387,9.348904332356932e-06,0.08211680915148754,0.19850583294204419,0.5459348387851205,0.011216710576468763,0.004094510984619821,0.05540066673266184,0.012476726719151373,0.004885132108890915,0.001270568420056064,4.527598857312779e-08,0.0037817428439710773,4.0741378250546284e-05,2.1957685771837653e-12,0.0015163371690413525,0.04072340986803118,4.6928389532021355e-06,0.022065252131311042
1.1748463535473955e-22,5.294030024386422e-16,7.095112047532517e-18,8.370532799692473e-05,7.875173863268235e-05,9.448556924345783e-10,9.185330154044951e-11,1.3609436351892814e-21,4.134392452408198e-15,4.56970234996695e-09,2.4411024694152534e-09,0.46134804395766904,5.00812138383498e-15,0.5293971349820005,6.4337970425260496e-18,0.009092351553125677,1.099759635881518e-13,1.9826409573321617e-22,1.739672772138015e-12,4.391202324063024e-09
0.07215395117276613,4.072301580279584e-08,0.02144006089260277,0.0007544165420279543,1.1930635699495427e-06,3.096610330920611e-05,0.008567115168028841,9.212627158110133e-09,1.8903864740337682e-15,0.0007149129767973504,3.040422063654068e-08,3.037057170562523e-06,7.668179703037828e-14,0.08534223494034987,2.45073268556329e-05,0.7993065008782766,6.192867553941246e-06,9.511974671056655e-12,1.5443931651838776e-05,0.011639386729585107
2.7407369178329904e-28,1.0554037138480047e-14,3.432697730388557e-19,0.11986338778761622,4.099637251731265e-15,0.005484633483904703,0.0032666664660205196,1.6701186857716803e-10,1.183221606512144e-08,1.1666822193170308e-09,1.1544333550024565e-07,0.12354445371820645,5.745094574166518e-15,0.7478407299273143,8.168506874411144e-20,5.451420822611952e-16,6.74015162520766e-12,5.7899697105519244e-21,3.1083172422343535e-15,9.27800512206172e-13
0.9730912547385162,2.1320695541008754e-16,7.616582696031337e-07,2.7150188202728627e-12,9.74418236398944e-18,5.6385268624363126e-05,7.019520441407782e-12,3.7051229340504714e-11,2.954711956149341e-05,6.635480803365213e-10,1.847388978483961e-10,2.8235543139200805e-13,2.172928416560852e-25,0.0036288430879351215,7.511906926665593e-16,1.6844146438063438e-07,1.473450575646982e-20,3.8596943883307717e-20,1.0211958314575296e-14,0.02319303879026255
7.430268852890198e-24,2.7323016666003056e-05,2.7863008094633636e-08,0.007873953602739165,0.009325708141604562,0.0002484545017749035,0.00701959292472841,5.668631429682299e-11,3.0174072268857314e-05,0.001062798542252553,0.006076297688778279,0.43996448336170557,0.0016701268472732117,0.5265306062433232,1.0967099294302188e-12,6.166572223810151e-11,0.00015880221099622403,1.0777780960252445e-05,2.3311102338172344e-09,8.707513616796497e-07
1.0634421389588075e-10,3.704554841752659e-05,0.04478615457455629,0.04963758333172924,0.053408037622853975,6.413397986944752e-19,0.013490864692206242,0.033853023919851025,2.6372878882642574e-11,2.6408682166424906e-20,3.890658332084864e-08,9.462342103128871e-13,4.080245945415353e-17,0.15333285310312203,6.38672125386958e-12,0.6001164850121382,1.63971978380226e-13,0.04468816896139166,0.006648138006609893,1.6061803264184846e-06
0.002078394624080942,5.133405413762068e-06,1.7383992803308867e-09,0.004125488137034294,0.0006985911585408503,2.517452965195373e-07,0.012873033986550311,4.525844591750971e-11,2.4631370932878743e-12,4.2627193488945e-10,0.023147701003525995,0.5756110755406763,1.6875436510396934e-05,0.34596601559706214,7.963006179402578e-07,0.011318905355071617,3.1504318316141674e-07,1.8773832836058086e-09,0.024157418576654554,5.226206993424613e-15
0.0004550115137847754,6.422911294059413e-05,0.0005647007198989428,0.020011621136484234,3.7689930391788634e-05,0.00010090283060108252,0.00025369867889833616,0.3436180387988295,0.0013419740555384854,8.026410308606047e-06,0.04281794437947574,0.0027921392426007905,9.357097909321933e-08,0.055228630385205715,2.5912986708399254e-05,0.27367234709611077,0.0015377678976527948,0.1285609674142372,0.12845925409615624,0.0004490497431968833
3.72000755994456e-11,3.747993133143832e-08,0.11931418774646296,3.021231617193078e-11,0.016681104351073832,1.3463744567188323e-07,5.666974815735927e-06,0.08334579034709462,4.1392317144172e-12,1.2936116403026883e-14,2.069032195213239e-05,4.2868134566264935e-13,1.0421021276029176e-14,0.43463571119777183,5.794143190940827e-06,0.09737320879587254,7.297835639068219e-14,0.17686465162145637,0.07175255268157242,4.696292829787028e-07
4.851710960774152e-18,0.0510686091581888,0.0009947133586020716,0.5346504963239216,0.041023026384605324,0.08682224618596207,0.010433940678197426,0.03737927993336028,0.11691645109900414,0.00037375095012813004,0.07445425216918287,0.001132383871836477,0.0007031046869259199,0.026046811434182835,8.281414235457729e-06,1.2226167171488309e-08,0.0004746631119350314,6.084070822674148e-05,2.9117401748388915e-06,0.01745422456516287
9.759954911666967e-11,0.012500146786475876,0.02123295003502369,4.2269877341333603e-07,0.008622314567648039,0.4639511771625767,8.945194209257436e-08,1.095703315382629e-05,0.004138698354543069,0.0485944905363131,0.002444545390242479,0.20343640027827595,0.0017940173571403422,0.07100326892278662,4.0221350702801616e-07,1.4077123055551523e-07,0.13970541746751575,2.8238732426703024e-05,0.0225340253149846,2.2968278406609055e-06
0.0014632919534692394,0.0033029645745664164,0.1117602529295148,4.823258042020919e-05,1.6512146554346436e-09,5.021433931317664e-13,5.039510131809221e-06,0.0009854389409267147,3.0309728227108817e-10,1.3415943762886948e-06,1.6686394053726884e-08,0.004811109173524084,5.198903248351523e-11,0.06059895214329014,0.0009928264263015863,0.6349349096584623,0.023377511862691956,0.05375721134750641,0.09756701543271777,0.006393883178903103
1.1108444050707632e-14,2.4961809524820263e-07,0.12298459432542094,0.000913959533821762,4.4922108978344416e-12,9.185560454470766e-08,6.93444439658652e-11,0.03548040767139251,7.964163234613723e-06,2.1208352373837177e-08,1.224476001395744e-05,3.889924499119634e-06,1.77847380594713e-07,1.8112817182729633e-09,0.13123685336889118,0.23904661827419124,0.000291555873691363,0.016655022213954925,0.397072489064903,0.05629385841142285
0.31667031124959605,0.0008198684098796082,0.018852262075157406,7.316879936213713e-11,0.0005489951417585476,0.0001678173316135304,4.7300732145284794e-08,0.015396506751534065,3.52632059307461e-10,7.33480069536519e-07,9.270033991986716e-10,0.0241360410806098,1.680963157412029e-05,0.005094237551065864,0.06608362344699213,0.4142626841002963,0.01451644206851105,0.0832751309045575,0.039435215569860065,0.0007232725533881395
0.7647395056180497,7.257656434298667e-19,2.3156544600808857e-19,4.958176163988874e-24,2.167195731899871e-27,1.5284822023154172e-25,1.6570510402868534e-13,2.5789579428826377e-08,2.443216730120931e-15,2.5009268211002531e-29,4.696470247033262e-16,1.4679217797542558e-23,3.853930295474037e-26,0.2349781035708007,1.1979321476389478e-30,0.000282362644274804,3.15788550890439e-25,2.377005253144422e-09,1.0785001679807642e-14,1.1067904009186728e-13
0.016659502218872694,1.4845200982780297e-06,0.0008074390942062494,0.013057617356546907,1.1753517751833068e-07,4.541394210724483e-11,1.8146804651010978e-05,0.0033519922713988732,4.466595943278335e-08,2.0257743342771247e-11,0.0007947745318868091,0.0051010509409112215,0.0071846970118267526,2.231437852506487e-07,0.0020804155067740823,0.8598366316856048,8.4390463387608e-08,1.5922656658104818e-07,0.01507210162379065,0.07603351740580791
1.482689737758747e-11,0.0113715325394784,9.595069415331177e-08,0.10231789691918129,0.0185185542177625,0.3468250238387175,0.004389061946098979,0.03153820724318544,5.231916568429745e-09,0.0004423118077768454,5.2358539362432615e-05,0.09895159192592003,1.9278689056752992e-12,0.2030536930126132,0.0509142853007991,0.0019515187213360653,0.045798293100855224,9.416623004165627e-06,0.08386013875481202,6.0143097313146355e-06
5.112337324763333e-21,1.36283331498544e-08,7.185060063953638e-13,0.1457067194208899,1.961379242873666e-05,0.7765990381625726,0.023352868039485025,2.532869971139467e-07,2.727264456567452e-10,0.0001564384509605591,0.00114006747482219,0.001696801080917147,1.5345522913704558e-11,4.7144576955928855e-09,0.04984492618274829,2.3143469449828145e-06,1.6687544240706469e-09,1.784079885008459e-14,0.00038650246255641916,0.0010944369983236699
1.1023885488374191e-23,5.410267671115794e-07,2.4302365577591827e-07,5.276957362045949e-10,0.001152290285095693,4.210405009947707e-09,6.818464105995632e-15,0.010655719661434426,8.31252333696776e-10,2.5943748678100745e-09,0.01704171064872918,0.2609402156905166,3.398688613747208e-08,0.4902284374765395,1.1940344896059458e-06,0.0018791379179099496,3.0487131877646083e-07,0.04569677685049934,0.17240338635108834,1.1334829552432472e-11
2.209596304144391e-12,2.8642958875315427e-06,0.0012155817163827596,0.05376518694023964,0.008925030837723311,8.262802551213534e-13,0.0022068664770519457,0.06824223472382857,2.1760724549146023e-10,1.525641502766703e-09,9.005645378634151e-11,8.088209776502045e-09,1.774144053414345e-11,0.33534717108623197,4.091115059631214e-06,0.3346214525910813,2.6414014854093647e-11,0.04866788810391048,0.1468629900759316,0.00013863206796499073
2.0796046693004809e-22,0.00045447056022142654,0.04287186983592371,0.19426627086886233,0.00018949792971397045,0.06236789927962881,5.402331712268263e-13,0.026338067980144,0.15403341492201086,0.11773136064170649,0.03303483111404818,0.011035252150887987,5.296208054336979e-08,0.059406569072881284,8.06510543639966e-09,3.120388333135332e-17,0.002697806183526388,0.29442007815002097,1.2605803125077013e-08,0.0011525376768941906
0.0696240057774906,1.2072238799439434e-09,3.99429229155673e-18,1.3780878320396087e-20,2.1069833891162966e-09,2.3933266298268977e-21,1.7718878577642856e-10,1.1900622262663342e-17,1.442620917693638e-24,2.693451297838425e-24,1.3199113061605744e-16,0.17161227209270627,1.1968905724488921e-11,0.35550325506981384,5.618278506792299e-12,0.4032604573278751,5.490112392908794e-13,1.052251382036989e-20,6.222579671810523e-09,2.1818748695482123e-15
1.1738481463052164e-10,2.335958869050684e-09,7.548782160826932e-08,2.6636897504900096e-08,2.4675208331435783e-09,0.0001400447856231238,0.008295450026911674,1.0333075994924726e-07,7.797244377249543e-08,4.260628328602614e-09,4.110600203884621e-05,0.04061630238410126,1.2696581680394264e-06,0.05771186693549578,2.698469432303548e-06,0.2973995820346117,0.22750559769531578,3.043864798147817e-08,0.3682855001372488,2.5882298905881545e-07
0.005550840549998338,4.5747375110959046e-05,0.0016540764526026088,3.5414045826785884e-13,8.773522037158206e-06,2.370837959060208e-10,1.8230942201852146e-09,0.27200596496574464,2.0939494034536114e-10,5.4298034997115786e-14,4.947522675929262e-07,1.5346793827036534e-06,1.4673816886507224e-07,0.10852489931542592,0.08734906306590187,0.4786653787853754,1.980834779423383e-13,4.294938407144691e-06,0.036826871650174245,0.009361910939223226
2.1496820096911838e-14,4.249697494903659e-06,3.712937164555621e-13,0.05018522612939671,0.0002683568874501856,0.005209007711248023,6.987774954753489e-07,0.29046109727927083,0.0002118832413745411,1.2721792828371154e-07,6.378890453746578e-06,1.2742291458158917e-07,5.425048038780352e-20,0.5932703313521555,0.000998639380332011,0.009678259845630865,9.560915615879561e-05,0.036341222969756067,0.013268781520062348,2.520484365503181e-09
5.97378334707273e-23,2.0115654502030216e-13,1.0053271430847945e-08,1.676783678754474e-06,1.9673402748435907e-15,1.463343408098555e-09,2.793437836674749e-10,1.1383269238509503e-10,0.1761241303225475,0.010435810856615685,0.005424074674069936,1.0115858044399034e-07,3.3133695829098047e-14,0.21885193204649037,9.591631367426013e-18,3.3818179474510662e-12,0.5714635931106561,0.01767648542658043,7.713592321110409e-13,2.2183706600118393e-05
3.781419772427287e-15,1.5339700818859042e-06,0.016902746675464292,1.4013970569952837e-05,4.5797046426030653e-10,4.748377381066488e-05,0.0002905919419216204,0.0025773213317849862,6.677471209585831e-09,5.734708892566759e-07,7.675336526473672e-06,0.047975949254886206,0.001376973533935263,0.13172958939308757,0.00025094393236690547,0.35958574414545685,0.12397034230987115,3.36075526680708e-05,0.3151888680942235,4.603417700993183e-05
0.0006562726052302646,0.00030156486075724547,0.023913809917497433,0.00031177657993847793,1.0442259925369143e-08,0.4246146125772435,2.32092459573867e-05,0.0031019523057408543,0.004028720461089785,6.441659445839039e-05,0.0001150778130460866,6.141789317689015e-05,0.0010957110382737282,7.690323121276071e-07,0.18626095270579646,0.08437101677144046,0.00037503747194290933,0.07209113709149638,0.18125124317852856,0.017361291413813196
4.826372949466491e-25,1.13754620701659e-14,4.432590989361719e-09,6.599352759133872e-05,4.268410653415835e-16,0.0006976406754369925,0.012354149424585126,0.00024623461364844446,0.08435018740398924,0.0019237760614555272,0.7406501635325179,2.5364133332531766e-05,6.667106367838955e-18,0.01631932136355919,9.299361018048876e-17,0.00020382529950753746,0.14292752659431976,1.4444144146466426e-09,2.297986276787232e-06,0.0002335135067624185
0.8758665650627773,1.1427437298220206e-20,1.2823453702665384e-12,3.580255598898321e-19,2.2839154361026033e-21,1.2667876304878497e-09,0.0008915264753892731,1.7668526345595942e-14,7.801292242690493e-14,1.6410403799481926e-15,1.2530732196418608e-13,6.172302123444686e-17,0.10481509017199211,0.012142146369321672,6.307480914790941e-14,1.9582246106585598e-09,1.171937376649388e-08,4.1807020126450306e-26,1.7205430935957697e-09,0.0062846552540225704
3.3795572897192157e-19,9.127142772637404e-05,4.893301137930143e-05,0.008662567334754876,2.6411472187350514e-06,0.26305815852248804,1.6392346305323482e-15,0.003495891877047609,0.16582519655992525,0.014206040382562589,0.016744916554090744,0.1302329485372348,3.194867307395695e-10,0.09275675610952856,8.641437832838395e-11,2.254297991271835e-09,0.026982836384685693,0.2776312738974295,1.154720461460883e-07,0.00026045012168105874
2.7612067023420534e-10,2.4424385798494614e-05,0.15181988512583094,1.040843232494161e-12,3.6396625843080444e-10,4.198844802517218e-15,1.0694312812163177e-18,0.31710648657792173,3.966833855279999e-11,4.944653089501654e-16,2.7326501286415296e-09,7.855590145497911e-10,0.03593668737178533,0.0005327550030038037,0.03862859672652754,0.3603189215146095,3.2254788957303356e-10,0.055730012689733724,0.039033579326785695,0.0008686467564453611
4.7467362124838815e-18,4.0620045449930944e-18,8.465509920916948e-19,0.005085546646395716,2.051227507437818e-11,2.3255615448895224e-12,4.1844402386453505e-07,2.282335814687492e-15,1.1698539866463044e-07,6.63368165621754e-11,0.002006813236608646,0.6366354926350375,2.492085750722022e-22,0.3518828679669738,2.0078980379148676e-23,0.004387101322853391,1.6339260589068902e-06,5.1189470662836717e-14,9.519539343578192e-15,8.747411872396283e-09
1.8350885503898284e-05,2.7076618432675617e-05,1.0653497686997721e-05,6.930106832997765e-07,0.002108200253089945,0.0002577198989830231,9.350039839181495e-07,1.876953234861768e-07,1.3071727725441335e-05,3.6086405662775744e-06,0.0011871403415792204,1.8489119008353094e-05,0.9962627065042706,3.359109668340215e-06,5.0475912964383145e-06,2.7591864821583296e-08,7.899528242177487e-07,4.34151505048176e-05,3.8082694057310985e-05,4.447129467375371e-07
2.422486591237976e-12,0.0003333427105987521,0.1266828448035957,1.5946389327757563e-06,6.323845010121717e-06,2.8784545053919747e-10,9.390470486427086e-10,0.2942386058337814,2.6202847042896604e-06,2.681452513831052e-13,8.185726246343904e-05,0.008308822741348603,2.3462107470706032e-08,0.02465611491194699,7.148259516730207e-05,0.47828494260164306,1.7598490414811233e-09,0.0007755009267790302,0.06644362318295859,0.00011229720953016848
0.019978258358136224,8.732658939630297e-05,1.3860908048775348e-08,0.027033708812701396,0.0013381052620758083,5.9355702158832816e-08,0.005061308865568944,0.1318278855993048,1.69243160982371e-08,1.711899852283709e-12,3.0271098400437165e-07,0.019722646047540444,0.04914413265149455,0.09686335188465642,0.0010948667623489185,0.559572956242637,7.002416042809338e-16,7.056899052499089e-12,0.0877200683438485,0.0005549917196108055
0.0002678142937522245,1.5232293254486276e-07,0.09314588809017846,1.1062892700749399e-05,7.57924764392988e-07,5.476685810675904e-10,0.013325989454714485,0.005428250492580133,9.153910723429066e-07,3.3302195821392613e-10,0.001616145240768926,7.099121940297957e-10,1.0946192857630221e-06,3.1491710030007606e-08,0.00518979156138839,0.3628336307923494,4.720469853783622e-09,0.01359083655821089,0.39221050724039763,0.11237712532212103
2.0978982552531533e-07,0.00048308329536521437,0.36533432864204846,0.01000445972225403,0.0253842527126173,0.08919970952202352,9.552051512857999e-05,2.594288159157542e-06,0.04867785249863277,0.03044247565949669,0.026765964366927,5.051733381099507e-05,0.00010451170860939421,0.03599183215645072,1.3091299503650839e-05,4.4094736769497603e-08,1.937773143663596e-09,0.04317499729260408,1.6488535643107623e-06,0.3242729043104688
5.6499173181876944e-18,0.025687890540565916,0.04081523877497656,0.056743308656933104,0.014599469891345885,0.10376544700994858,1.8744838271735351e-06,4.113501986463786e-05,0.012539239075921065,0.0526681685739159,0.03889041112865991,0.060863698592957406,2.9755319541705042e-05,0.05139046440215121,2.5175474167241786e-09,5.64542367000213e-14,0.05724803361788022,0.48466006604578765,1.334102752143368e-06,5.446224536716496e-05
2.1104809650061707e-21,0.00022497865891977654,2.589847939955468e-06,0.07705579074188759,0.003736238596091446,0.0001007392534402552,0.003942892829774452,0.006804958709019829,1.1456117620960667e-05,1.151969315938246e-07,0.022357989968805586,0.10387221247499065,6.170704409928567e-11,0.6496263215277776,0.0003499598455956817,0.06495496604525523,0.05527256113184294,0.004288494589710589,0.007103350949887654,0.0002943834528011204
7.420477758070862e-09,1.953749243958606e-05,0.0015390745562368546,5.1811542206273415e-09,9.242880291619143e-10,1.8897353414214077e-07,0.0023299777431553766,2.3361954632038713e-07,1.7660933353772175e-07,9.197094909320966e-08,2.7457334386977683e-05,0.06403295793082428,1.2804790467766374e-07,0.01072054043397308,4.81390019615428e-08,0.4681919353084746,0.0019634528766614575,0.29157227149167075,0.15960175180535346,1.6214063370425002e-07
1.619445843730915e-18,0.022849560244976405,0.0002345681827088756,3.048559858816325e-06,0.0007494405699991515,0.28128493991786724,0.01036612531395069,0.005080634859426969,0.1718840909678887,0.005399225387877141,3.3161558292753644e-05,0.20972385073604696,9.629529052348821e-07,0.22447507802443986,8.958967062636815e-10,1.4292922565005524e-16,0.006923503030231386,0.05977391062325274,6.535578247701362e-11,0.0012178981090246663
2.819872539329596e-20,3.0687499860550703e-07,5.6081821516655065e-09,0.15870491159335628,0.00045420284099179363,5.13002241420708e-05,0.0050652761007967196,4.315403320607221e-13,0.04958857263164156,0.007030770602379629,0.08042392434003438,0.0319430782537865,4.908056578603104e-11,0.10282719197218212,2.3698871966639197e-16,1.5870136152971945e-15,0.5588237550375194,0.005086701491259047,6.176692368453599e-11,2.3174488829892037e-09
2.365797316056644e-20,0.012769891161272258,0.008518774763903801,0.15158110098027203,0.006042384284843649,0.022680176157742957,9.799873859334728e-10,1.0500901295791985e-05,0.07809587219083235,0.012776798375855524,0.05066228421510332,0.01656677000129991,4.727646001383229e-06,0.19936265807330783,1.2707300624382984e-08,1.905885482006632e-12,0.03560058563223332,0.36201281247663214,1.0488422770719155e-08,0.04331463896178713
1.28063608350567e-19,0.032519473988605045,2.6055946993513748e-05,0.07646201975069422,0.22575278105817742,0.44893331248180773,0.01736847766264537,0.008749718932224466,0.08194320609474176,0.020647287643249426,0.00019728369022427303,0.00039800094576662547,0.0005461505392752704,0.006203557466514976,6.858870616743048e-05,1.5702513288910626e-14,0.020709496081587127,0.04023064627158031,1.2480474346786154e-07,0.01924381793498563
4.749107824456095e-14,3.6627565764405994e-05,5.081343500931248e-06,0.07277316579165012,0.015191966613674229,0.046755071293065165,0.0030784468723295,2.2838801040144152e-11,5.830075560990938e-05,0.006236228975733909,0.08774439885632618,4.1252611810341175e-06,4.189517210064396e-08,0.00010973197632581311,0.003649700717571656,0.00818562410371506,0.1303782202729231,0.029252639803376914,0.5953828305714765,0.0011577973077172565
8.905956692079415e-23,0.009554697932579823,0.005912494874867412,0.10333613373586183,0.002378445592456609,0.17813501036954266,0.004808707008969706,0.16306706449792088,0.2801017079453705,0.024459869740351706,4.4488503394289596e-05,0.00014909500573576795,8.189876612518167e-10,0.223880250784161,1.4558292218011556e-08,5.782190570393965e-15,2.6055840185543745e-08,6.086097477192009e-05,1.1779140659635088e-07,0.004111013809483542
6.680942815922408e-18,0.09642837756423167,2.386471738773752e-07,2.784209763262742e-07,0.012713159855775154,0.06166332855847828,0.0024230329607715442,0.08448273408404772,0.25027487821481015,0.0011737373511688282,0.0061514383443787325,0.012780733623184482,0.07178327798855282,0.11962125872404175,1.7867309501941478e-05,5.841966271587368e-11,0.00024022173344950625,7.081134235179645e-08,8.06952436788548e-11,0.280245365669
1.8893998236372324e-14,2.2514448773854776e-07,0.4625742353356407,0.013344667126253566,6.309961987599467e-10,4.037785598248474e-09,5.559028232907138e-12,0.00793432269987696,5.001585134190164e-07,1.334058660049127e-07,7.732519575580651e-06,0.0003949367811286034,1.6099627972126978e-07,1.5343622008513212e-09,0.3242355213904115,0.1898282819125819,7.573870626590236e-08,8.225727739865133e-05,0.0015415728189239208,5.537048563384534e-05
0.999999937688354,2.7251613492157455e-10,6.203910223523228e-08,2.7606345503678165e-19,1.6795779201936175e-14,1.173985447774483e-19,1.9172433599274747e-28,1.0688523270500298e-18,2.369717857844946e-17,6.208401942364134e-19,1.7778849743318584e-15,4.005666940874892e-15,3.3865695143950504e-15,1.3371069233346183e-20,3.5268267302039176e-20,3.497174829994327e-16,5.3356580260287126e-17,5.1716839719769515e-17,3.773295041953214e-17,1.33828597668459e-15
2.694713968156522e-22,0.00014392870974004157,5.7110351811884065e-11,3.410309305138921e-08,0.07728420051935629,3.495112498466689e-11,0.02626789168487551,4.317749261082983e-10,2.005003310763282e-08,2.808506918213474e-07,0.029635350050523944,3.702395847637411e-07,1.7422942271981336e-10,0.3199565188277921,6.3453182876909e-08,0.016417912557975034,0.3482718902009145,2.6421928383132298e-06,0.1819478393626145,7.105649871845502e-05
1.9873999977486947e-19,1.7605602501012258e-07,0.0029577827045774757,0.2854750773154214,0.017563557335617007,0.13157643622468862,0.0034886235169968452,0.031414437424633596,0.18221231833575147,0.01706419487061948,0.0063815512243415575,0.01565731394766276,6.810570014480849e-05,0.30556449213178677,1.0408354734616896e-11,7.253362713749599e-14,9.512604442213274e-10,1.082758119253722e-05,1.4174128904682384e-09,0.0005651032513865487
3.1304486323284554e-16,1.134223813281378e-14,6.339036098220213e-21,9.965950746296141e-12,7.988524681896126e-06,3.1614470033254178e-15,0.02477581213488684,7.345840357308879e-18,7.550695709878435e-24,1.065302266843373e-17,0.0014240600662099928,0.40903945109810486,0.006853194322296159,0.45628841387174895,3.3108875631026054e-09,0.07114831723142553,2.358348474943488e-10,3.307831656434938e-24,0.03046275919394252,1.6203603611833238e-16
1.5007891431769845e-18,0.0014983159539740758,0.006391859120556646,0.07894102434426295,0.0059546144568971724,0.0002134167036181772,0.07075318381535886,1.6730913709718542e-17,1.615142390993248e-05,4.732346098104267e-07,1.1703646127614166e-07,0.06133492984046285,8.98786825204635e-14,0.5744419247211372,1.28084991751525e-10,1.10029517695335e-09,0.19453890543609503,1.2566955284732528e-06,0.005913824203635791,1.7850217936764282e-09
2.015953125598749e-15,2.4399525567287266e-07,1.330347253819378e-15,6.931310001261993e-11,0.0006240670313475296,1.971627346811133e-15,0.0027935686670000144,7.542004635562465e-12,8.368184170742991e-19,2.200819034880456e-17,3.29533154511321e-10,0.3334607790737379,0.0017852649728076443,0.16277543449289883,1.2108303634967423e-09,0.46216043783109984,1.323469205574004e-14,3.1887702618354446e-14,0.03640020231858342,2.2570057504968216e-16
4.953956408363352e-27,0.001082252240478408,6.142394722205941e-07,0.081080171581837,0.005187975197303162,9.8501741609878e-06,2.3523906309276764e-05,3.7655318141019316e-11,1.1966966141182295e-10,1.998135511917377e-07,3.0222337946975033e-07,0.5128316973884343,3.2341569110947e-05,0.3834902335377514,1.0799155708324855e-16,1.4970677906718868e-16,0.016260813646990523,2.4273274706525904e-08,4.49258343230846e-11,5.695416266346828e-12
8.059498891196828e-12,1.6099029342590433e-07,0.0012028392341244924,0.03921684039220308,1.011117366841379e-05,7.704445345246267e-06,0.0005555356983299748,8.614844363567518e-08,1.4275592624782997e-06,5.270605189449679e-08,0.000567885840374037,0.009266209472556058,0.001246347749372193,0.0029334890664080284,0.0004854984782112947,0.49899276699355777,0.15564995273399143,0.001600843132264377,0.2815715044230086,0.006690743754474105
0.06711715345139721,1.8218979516143713e-05,8.553637789012604e-12,7.834516137217026e-15,0.0001338538381389108,2.4853572490381325e-07,0.4530053027532618,3.083747330237897e-20,9.116029483320058e-17,3.528236830265431e-15,4.354749460516276e-12,9.392524469679758e-05,0.014196188928407039,3.721344219676069e-13,0.07703026300040991,0.18966559354540388,2.3915831628445995e-12,3.3158122244848825e-18,0.19873923319315887,1.8514200919437175e-08
4.1461296749969906e-20,0.006996239431136514,0.002811553757968322,0.023594491716537876,0.01228132122021729,0.38936401146142136,0.0005601944700928997,0.010293478577401547,0.004218774350750311,0.022062175470516865,0.009307131100795266,0.2422260368362516,3.495345583549232e-05,0.05750152094449039,0.00016206810671358168,7.600287675700508e-11,0.19153733893970742,0.025669512377633597,2.3783428963048417e-05,0.0013554142775636672
1.3370259875167437e-30,0.0002895236265783222,2.657176083153361e-07,0.01722109372877407,0.17438914155426188,2.207644468565442e-08,2.7159943060293093e-06,3.190544080860758e-19,2.9653927146161333e-14,0.0004939704043363318,7.094127038489371e-05,0.3184784921414948,0.002135991112975717,0.48691781866411876,3.8661784856627e-14,1.1559081629987152e-12,2.367620767419499e-08,1.9545168914459927e-13,1.4610216307870696e-12,2.962762376898221e-11
3.9007149549655085e-20,3.09762904386209e-09,2.971865937183251e-06,0.26135774117896143,4.8372669712732586e-09,0.005399666563290302,0.00017283912911244948,5.4661129089910886e-06,0.6146244109814608,0.044568562603660114,0.014573242537674681,0.001115679068080951,2.963090057749582e-10,0.006080358792398705,1.554825949825308e-13,7.237986138777566e-13,0.005408720193546665,0.04667133228104156,9.576227533464306e-10,1.899950221901594e-05
0.9999656385208275,1.028570205116267e-06,3.0762260322971067e-05,1.2969068125925422e-15,2.5696840457071672e-06,5.232119381629302e-15,2.335877042749718e-20,2.5266169926306284e-16,1.5960541608810141e-12,8.453051512481052e-15,2.973406466879308e-11,3.9111463755921216e-10,9.782896776673086e-12,2.498693950712881e-16,4.783421037454864e-14,2.5180552886374598e-12,2.500695882114873e-12,4.7728561726530666e-12,8.273267224113822e-12,5.142428173654575e-10
2.3613734855972314e-28,3.0650799338295377e-18,7.11720036115517e-15,0.00045037191418777103,2.9133438882635506e-11,1.2822763875130305e-05,4.0232341298769683e-13,2.7537591224136913e-14,2.2172528129882655e-10,1.8771199741172336e-06,0.0024640203284913686,0.8994516332670297,1.5288532867764398e-14,0.09761916926819636,6.187012782251804e-19,3.288296815215779e-16,1.0504759922132024e-07,4.332102998289067e-16,6.676210943247826e-16,3.9334025179122845e-11
2.068158492147533e-25,0.0001818659371312638,5.3860595778082815e-17,0.2890133711613773,1.7175221955627654e-07,1.0619732992202459e-08,0.055697752021397255,3.805625812133242e-18,3.782036472896333e-05,6.516213905329421e-07,0.005683333934439826,0.00020532734433916454,9.661278742292687e-09,0.40123093437854446,2.505825367890111e-13,2.0604887572132348e-13,0.24794867691033162,1.0852290878138544e-10,7.4054093423028e-08,1.3001533032211505e-10
4.163468305061393e-19,0.0014143141514438586,2.8133772103649524e-11,0.12226456755177459,0.20073973365621256,0.3098776103640623,0.12673087600338523,0.0005223178561722804,1.1541513384443331e-06,8.122187091345073e-05,1.8494828065429711e-06,2.367795016777039e-08,1.5315006120845976e-07,0.17219921929337462,0.0516163788409063,1.1302041099629828e-10,1.3684956097186216e-09,2.990104016366487e-08,7.1282565287230475e-06,0.014543420282379985
5.364993945806445e-12,6.327316441448794e-09,6.009613136264745e-08,0.0674449992676802,0.0014210846826340404,5.330517027405914e-16,0.00027534656503172875,4.2799204457546566e-14,2.685251818722055e-10,4.937418851782164e-09,6.084126883416625e-07,0.05932376497516675,5.051186430902605e-10,0.22705287798271312,6.23156407121357e-08,0.5701994222705996,0.02003146858559886,0.04148226801312259,0.01276782547102945,1.9931817571838152e-07
0.6016409665758148,1.1336562416012293e-11,5.6328745975544266e-08,4.884153734205796e-14,3.331925671607393e-05,7.676688368740195e-10,0.037762264368855304,6.025978174567926e-15,5.291696216298144e-17,9.821198124377751e-12,2.8560634446389828e-05,1.3298166845931654e-06,1.5498934238720085e-09,0.12566061098089198,0.009244032573787987,0.2063699785268456,2.3004760908928276e-12,1.3057336964366715e-19,5.640126785454483e-05,0.01920247732828137
2.1196864893274903e-25,7.3074221175413544e-09,1.9374905751805072e-09,5.685120277655171e-05,4.290228367425118e-06,0.00016108427618018777,2.3675380096610333e-10,4.1067513056730306e-15,1.4650624130338905e-06,0.0002606004847228801,0.031961773941125746,0.9087625362377235,2.7772020599055794e-09,0.054891785669684896,1.9120967251153836e-18,1.7442398777901524e-18,0.003899598275516012,6.32457751169153e-10,1.6031669083319198e-13,1.7299989830865825e-09
3.0945265691633152e-12,0.013812832826228201,0.035432465235176715,0.3324266687874909,0.00014996397799125227,6.905007964919637e-07,2.7771636885847836e-07,0.0005593333020722118,0.011316858903066024,1.090332360054467e-05,0.041735229685048926,0.004038032702523537,8.697953564000386e-05,0.12467688683903447,2.094516279804381e-05,8.175780425371179e-05,0.15958347240452692,0.2744323970991442,0.001628922516968118,5.381674176303887e-06
1.8249246650548792e-18,0.0014959017110585658,9.872430922362685e-05,0.259091290157664,0.0018146741267494354,1.259500526708551e-05,0.008443299223781396,4.472916703402538e-06,0.020791317122484245,9.504051692743665e-06,0.03103741531544417,0.08684239299413954,7.065345605285217e-05,0.2468322863003916,2.5767999620207015e-11,1.2693057710517272e-05,0.26085079810378414,0.08248728058662093,0.00010345212187060085,1.2494135931401707e-06
3.846296583052453e-17,0.00027670783450155857,0.002732246539953754,0.11805504523279574,0.0025472992379897566,3.397544502627479e-07,0.0007826451097810805,0.10838269245690405,6.507883234359595e-06,2.1813124408906073e-08,4.0277742128372775e-06,0.04585224595047979,4.574891511683965e-08,0.001039234070927359,0.007827700248432783,0.5938858805972407,4.710391180632322e-06,0.0005443822447260698,0.11731344909718797,0.0007448180139617455
6.253158472094466e-22,1.3897289682928198e-05,0.001276640125484526,0.028303668270311357,1.8713657153399281e-06,0.046070099651376505,0.00038212078643836924,3.4272096338257136e-07,0.0003428277560298737,0.06239920627034284,0.016462851677366892,0.0009628937746094936,8.735572718879657e-08,0.00031744323838131994,6.8701744705802e-08,2.0487308749049734e-10,0.8432218878945972,3.8886850093811344e-05,4.552594664338076e-08,0.00020516054031448396
0.21392130800925205,1.2897854289918817e-05,0.01278887005310731,2.740278720642536e-07,1.34930096915524e-12,2.5840181837335078e-11,8.52692053130598e-09,1.0054086082981974e-07,2.0383464985173847e-10,5.228790992026021e-10,5.379085276373242e-07,6.500237574073007e-07,1.3985614829484474e-08,6.49394295244656e-15,0.002786111993592146,0.7026243413869304,2.536912812429227e-11,3.6450346887648595e-11,1.128301078846538e-05,0.06785360186275713
4.878994843684457e-15,2.0391320530218995e-07,2.5553484198306373e-05,6.348585250938011e-05,1.0390495509851646e-07,0.004837098982466188,0.005241807308491293,1.2208079493701828e-06,0.00011660603268676946,5.037203790019574e-06,0.067319519330583,0.035368887509462495,1.5025667792056228e-12,0.09047574125306776,0.00014386681682461948,0.15863517724669407,0.26062757628888045,0.00017803309953734939,0.37464103860724335,0.0023190423559479073
1.8298924685603888e-19,9.973437168238437e-06,0.001988613568637966,0.24540476237853331,7.396381729701106e-05,0.1619552203725719,0.005020621588497436,5.543470609727054e-05,0.0028029543153112344,0.03193633683425335,7.492501689722326e-07,0.0024582962570894014,3.4749597105547945e-09,0.3498149735276538,0.018178810738129648,0.00017216220539582175,0.1171913941602686,1.5928149459312887e-05,4.462597905179652e-05,0.06287517523945502
1.2031754042794325e-12,0.0009153588733380186,1.1993321694028222e-06,0.0051075005285136825,0.07328080778625527,1.1234784560341415e-10,0.006095378587868802,0.3830963284856663,1.3337192094124029e-08,2.151350626724736e-09,3.879567087780336e-08,1.5608465188978402e-09,7.0938421118603e-14,1.8078213438956348e-09,0.23280649892611152,0.11352962297495144,3.5097636574723344e-11,0.12755338134527203,0.05755453175719619,5.933360105624931e-05
1.6234898191027306e-19,3.0017392266875494e-05,0.014560494558894813,0.02190751370011409,2.0504803663454594e-05,0.7831982539133527,0.003482060822071764,0.003821697557863118,1.791443315181525e-05,0.02109180298852866,0.017635444000877097,0.014823465208751958,0.009747299523624957,0.10192073749770394,0.0003487220768794553,1.9786484289849836e-06,5.755199600019839e-06,3.82822359447647e-05,7.439093800510569e-05,0.0072736645002764375
1.2107992096576607e-21,0.002535704929637895,0.0030773477451374854,0.03420258224717433,0.0014274734846848624,0.06376893434400513,6.782523625277302e-08,0.04917208283412042,0.04692763790465178,0.0004767126194704181,0.0063870929825108865,0.2554157574770657,2.7734375571994028e-09,0.4040615936588257,2.914870036822852e-12,8.199640582619172e-14,0.005212166023632353,0.1272615072928392,6.247578757683683e-07,7.271109669752651e-05
5.1468100036468884e-21,4.953574105850628e-06,1.648595908746672e-07,0.1490565773098317,0.020362506755443845,4.411487107412024e-07,0.04050502738475604,5.1712695571025526e-14,5.6783750336337866e-06,3.0880314677984275e-06,0.0015945758982700597,0.004474726099008679,9.194105948903874e-13,0.4136160333864337,1.4622403551737141e-08,5.744494351851165e-13,0.3703171250234984,4.0210997786595457e-08,5.903523908044192e-05,1.2079821358320755e-08
1.623617115841705e-14,6.529232623958557e-15,9.49090264158256e-13,3.966489188728385e-18,6.105556290107595e-05,6.041980502106621e-14,0.004277332049908742,2.0548912008112795e-15,1.8415191847995293e-19,5.334393049539558e-16,5.7512743529709886e-11,0.6533443274473385,1.430021431617163e-05,0.03111545192326081,0.00369882761071455,0.30044122371055904,5.575496951497568e-14,1.1190192607079723e-21,0.007047481422357493,4.0307387842608906e-14
